public/data/weather/current/current-wind-surface-level-gfs-1.0.json
{"header": { "discipline":0, "disciplineName":"Meteorological products", "gribEdition":2, "gribLength":65567, "center":7, "centerName":"US National Weather Service - NCEP(WMC)", "subcenter":0, "refTime":"2014-01-24T00:00:00.000Z", "significanceOfRT":1, "significanceOfRTName":"Start of forecast", "productStatus":0, "productStatusName":"Operational products", "productType":1, "productTypeName":"Forecast products", "productDefinitionTemplate":0, "productDefinitionTemplateName":"Analysis/forecast at horizontal level/layer at a point in time", "parameterCategory":2, "parameterCategoryName":"Momentum", "parameterNumber":2, "parameterNumberName":"U-component_of_wind", "parameterUnit":"m.s-1", "genProcessType":2, "genProcessTypeName":"Forecast", "forecastTime":0, "surface1Type":103, "surface1TypeName":"Specified height level above ground", "surface1Value":10.0, "surface2Type":255, "surface2TypeName":"Missing", "surface2Value":0.0, "gridDefinitionTemplate":0, "gridDefinitionTemplateName":"Latitude_Longitude", "numberPoints":65160, "shape":6, "shapeName":"Earth spherical with radius of 6,371,229.0 m", "gridUnits":"degrees", "resolution":48, "winds":"true", "scanMode":0, "nx":360, "ny":181, "basicAngle":0, "subDivisions":0, "lo1":0.0, "la1":90.0, "lo2":359.0, "la2":-90.0, "dx":1.0, "dy":1.0 }, "data":
[rows 72 to 107 of 181, columns 160 to 239 of 360]
-0.53,-0.27,0.64,1.42,0.61,0.41,0.39,-0.09,-4.04,-4.57,-6.67,-7.16,-7.57,-6.38,-6.03,-6.57,-6.25,-6.13,-5.24,-4.89,-4.8,-4.87,-4.62,-4.6,-4.55,-4.51,-4.38,-4.4,-4.61,-4.74,-4.74,-4.83,-4.91,-4.89,-4.6,-4.36,-4.17,-3.81,-3.24,-3.11,-3.17,-3.0,-1.26,-0.34,-5.21,-4.62,-3.53,-4.16,-4.72,-4.63,-3.97,-2.94,-2.08,-1.49,-0.54,2.95,7.52,7.11,3.72,0.15,-0.61,-0.8,-1.53,-2.34,-2.86,-3.26,-3.13,-2.79,-2.21,-1.85,-2.33,-2.61,-2.15,-1.06,-0.83,-1.57,-2.41,-3.37,-5.56,-10.78
0.19,-0.19,-0.21,-0.08,-0.37,-0.53,0.04,0.14,0.09,-0.2,-2.35,-6.44,-7.94,-7.89,-7.62,-7.92,-7.46,-7.51,-6.23,-5.77,-5.97,-6.2,-6.1,-6.16,-6.05,-5.77,-5.23,-4.87,-5.17,-5.45,-5.63,-5.72,-5.66,-5.55,-5.4,-5.19,-4.76,-4.5,-4.04,-3.9,-4.14,-3.41,-2.09,-5.17,-6.65,-6.07,-5.27,-5.05,-4.55,-3.88,-3.8,-3.65,-1.72,1.45,5.44,6.65,6.27,4.96,1.98,-0.44,-1.69,-1.91,-1.68,-2.15,-2.5,-2.62,-2.17,-1.62,-1.11,-0.65,-0.75,-0.59,-1.07,-1.19,-0.57,-1.81,-4.07,-6.05,-9.26,-10.83
-0.4,-1.61,-1.91,-2.19,-2.17,-1.88,-2.05,-1.79,-1.42,-1.09,-0.31,-1.62,-4.05,-6.3,-7.82,-8.55,-8.36,-7.77,-7.05,-6.47,-6.67,-6.78,-6.63,-6.76,-6.94,-7.03,-6.59,-6.33,-6.39,-6.44,-6.55,-6.64,-6.69,-6.7,-6.7,-6.49,-5.97,-5.61,-5.0,-4.71,-4.73,-3.62,-5.11,-6.5,-6.78,-6.31,-5.68,-4.81,-4.15,-4.59,-3.32,0.69,3.59,4.98,5.23,5.34,4.82,3.7,1.63,-0.53,-1.93,-2.64,-2.14,-2.32,-2.58,-2.68,-2.3,-1.71,-0.94,-0.42,-0.22,-0.08,-0.43,-1.05,-1.91,-3.42,-6.18,-7.83,-8.61,-5.81
-2.16,-2.93,-3.48,-3.16,-2.9,-2.89,-3.1,-3.11,-2.73,-2.82,-2.75,-2.72,-3.27,-4.21,-5.83,-7.43,-8.07,-7.96,-7.43,-7.52,-7.61,-7.65,-7.55,-7.61,-7.69,-7.85,-7.55,-7.23,-7.05,-6.88,-7.02,-7.25,-7.63,-7.93,-7.86,-7.52,-7.09,-6.64,-6.21,-5.69,-5.32,-4.05,-4.11,-5.56,-6.18,-6.5,-6.33,-5.56,-4.04,-1.05,1.94,2.66,3.19,3.82,3.44,3.57,3.41,2.49,1.7,-0.02,-1.65,-2.62,-2.3,-2.62,-2.8,-3.15,-3.04,-2.58,-1.47,-0.87,-0.93,-0.76,-0.45,-1.01,-2.47,-4.25,-7.2,-7.98,-6.29,-5.87
-3.49,-4.01,-4.43,-3.81,-3.73,-4.37,-4.39,-4.31,-4.06,-3.77,-4.07,-4.39,-4.81,-5.25,-5.68,-6.46,-7.09,-7.28,-7.07,-7.7,-8.38,-8.57,-8.78,-8.84,-8.82,-8.59,-8.44,-8.03,-7.88,-7.72,-7.58,-7.77,-8.1,-8.58,-8.52,-8.22,-7.88,-7.41,-6.73,-6.11,-5.55,-4.41,-3.04,-2.61,-2.59,-2.47,-2.18,-0.82,0.49,0.57,0.68,1.43,1.88,1.56,1.31,1.63,1.42,1.0,0.81,0.09,-1.1,-2.25,-2.3,-2.55,-2.88,-3.08,-3.19,-2.84,-1.99,-1.37,-1.36,-1.52,-1.37,-1.81,-2.84,-3.6,-5.52,-7.58,-3.78,-9.47
-4.42,-5.13,-4.95,-4.11,-4.61,-5.68,-5.39,-4.88,-4.75,-4.54,-5.14,-5.64,-6.03,-6.23,-6.42,-6.65,-6.98,-7.02,-6.85,-7.43,-8.04,-7.71,-7.71,-7.68,-7.6,-7.47,-7.68,-7.88,-7.92,-8.05,-8.02,-8.1,-8.13,-8.54,-8.67,-8.46,-8.14,-7.68,-6.87,-6.05,-5.51,-4.76,-3.84,-2.97,-2.58,-2.2,-1.89,-1.71,-1.64,-1.54,-1.11,-0.36,-0.53,-0.89,-0.37,0.3,0.28,0.2,-0.24,-0.93,-1.38,-2.16,-2.33,-2.4,-2.44,-2.69,-2.93,-2.82,-2.34,-1.9,-2.07,-2.44,-2.43,-2.62,-3.18,-3.34,-3.27,-2.78,-1.16,-7.49
-4.69,-5.17,-4.78,-4.03,-4.22,-5.68,-5.59,-4.64,-4.43,-4.75,-5.94,-6.79,-7.06,-6.91,-6.8,-7.12,-7.49,-7.63,-7.63,-7.92,-7.73,-7.28,-7.26,-7.09,-6.82,-6.75,-7.02,-7.13,-7.25,-7.42,-7.63,-7.72,-7.78,-8.04,-8.28,-8.13,-7.84,-7.38,-6.68,-6.04,-5.46,-4.86,-4.25,-3.73,-3.48,-3.29,-2.93,-2.65,-2.94,-2.9,-2.34,-2.45,-2.76,-2.38,-1.47,-0.86,-0.04,-0.51,-0.94,-1.93,-2.07,-2.42,-2.51,-2.64,-2.58,-2.69,-2.89,-2.71,-2.77,-2.65,-2.98,-3.02,-2.68,-2.79,-2.78,-2.19,-2.01,-0.87,-2.24,-6.23
-3.66,-4.42,-4.52,-4.23,-3.95,-5.34,-5.54,-4.41,-4.15,-4.72,-6.06,-7.04,-7.44,-7.51,-7.32,-7.61,-7.98,-8.15,-8.32,-8.75,-8.37,-8.0,-8.06,-7.8,-7.31,-7.3,-7.61,-7.47,-7.36,-7.44,-7.5,-7.56,-7.52,-7.55,-7.6,-7.58,-7.49,-7.22,-6.82,-6.42,-6.03,-5.42,-4.88,-4.64,-4.44,-4.22,-3.97,-3.96,-3.65,-2.52,-3.41,-4.98,-4.39,-3.66,-2.48,-2.06,-2.12,-2.4,-2.49,-2.71,-2.79,-2.91,-3.0,-3.04,-3.09,-3.14,-3.06,-2.93,-3.14,-3.27,-3.46,-3.25,-2.66,-2.54,-1.64,-0.54,-0.16,-0.07,-2.13,-5.8
-3.12,-4.31,-4.82,-4.99,-4.6,-5.64,-5.58,-4.54,-4.6,-4.96,-6.11,-7.16,-7.85,-7.82,-7.71,-7.95,-8.23,-8.43,-8.69,-9.17,-8.69,-8.59,-8.68,-8.33,-8.02,-8.15,-8.36,-8.18,-7.97,-8.01,-8.05,-8.03,-7.87,-7.6,-7.55,-7.83,-7.87,-7.7,-7.45,-7.07,-6.45,-5.82,-5.47,-5.2,-4.76,-4.25,-3.95,-3.84,-3.21,-2.48,-5.28,-6.14,-5.29,-5.44,-5.33,-4.3,-3.97,-3.97,-3.82,-3.63,-3.7,-3.84,-3.99,-4.02,-3.91,-3.81,-3.57,-3.62,-3.59,-3.74,-3.81,-3.7,-2.94,-2.1,-1.02,0.83,1.62,1.8,0.01,-3.72
-3.7,-4.84,-5.65,-5.7,-5.73,-6.26,-5.66,-4.98,-5.24,-5.65,-6.5,-7.45,-8.1,-7.86,-7.71,-7.77,-8.17,-8.59,-9.0,-9.02,-8.47,-8.84,-9.07,-8.74,-8.51,-8.67,-8.8,-8.46,-8.14,-8.06,-8.24,-8.37,-8.06,-7.66,-7.55,-7.89,-7.93,-7.74,-7.44,-7.09,-6.65,-6.07,-5.61,-5.03,-4.41,-3.85,-3.43,-3.98,-3.56,-3.09,-6.23,-4.68,-6.03,-6.33,-6.69,-6.27,-5.72,-5.53,-5.27,-4.92,-4.77,-4.83,-5.0,-5.06,-5.02,-4.65,-3.94,-4.11,-3.99,-3.92,-3.66,-2.94,-1.34,0.59,2.06,2.71,2.49,2.1,1.97,1.82
-4.61,-5.54,-5.95,-6.52,-6.82,-6.88,-5.82,-5.54,-5.73,-6.31,-6.92,-7.52,-8.43,-8.15,-7.44,-7.73,-8.05,-8.55,-8.46,-8.68,-8.17,-8.77,-8.99,-8.73,-8.58,-8.31,-8.34,-8.16,-7.73,-7.67,-7.8,-8.02,-8.2,-8.06,-7.68,-7.73,-7.7,-7.67,-7.09,-6.55,-6.24,-6.26,-5.53,-4.87,-4.05,-3.59,-4.43,-2.0,-0.67,0.73,-1.95,0.15,-4.36,-4.35,-6.97,-7.97,-7.24,-6.43,-6.08,-5.88,-5.42,-5.55,-5.96,-5.9,-5.32,-4.77,-4.2,-3.84,-4.14,-3.48,-2.97,-1.02,1.1,0.92,0.59,0.79,1.23,1.37,2.08,2.12
-5.07,-6.32,-6.94,-7.37,-7.33,-7.15,-6.34,-5.84,-5.92,-6.66,-7.28,-8.01,-8.7,-8.29,-7.97,-7.85,-7.79,-8.22,-7.7,-7.28,-7.9,-8.96,-8.61,-8.14,-8.26,-8.37,-7.93,-7.79,-7.82,-7.87,-7.52,-7.26,-7.95,-8.12,-7.94,-7.44,-7.15,-6.96,-6.39,-6.42,-6.32,-6.5,-6.27,-5.73,-5.3,-3.63,-1.07,-0.95,-1.39,-0.39,-1.15,-1.01,-4.26,-5.48,-6.66,-5.64,-7.43,-6.28,-6.31,-5.94,-5.9,-6.14,-6.0,-5.29,-4.95,-4.47,-4.35,-3.99,-4.06,-3.26,-1.93,-0.78,-0.35,-0.39,-0.77,-0.38,0.45,0.66,0.75,1.04
-6.23,-7.41,-7.74,-8.12,-7.36,-7.1,-6.89,-6.17,-5.75,-6.51,-7.32,-8.63,-8.44,-7.11,-6.48,-6.44,-5.97,-5.64,-6.36,-5.57,-6.85,-6.43,-5.79,-5.52,-5.28,-6.38,-6.84,-7.5,-7.23,-6.15,-5.69,-5.91,-5.72,-6.64,-7.54,-7.26,-6.86,-6.92,-7.31,-7.25,-7.06,-6.14,-5.54,-4.68,-3.73,-3.03,-3.2,-3.6,-2.33,-1.79,-1.04,-2.09,-3.5,-5.43,-6.52,-6.23,-6.49,-6.19,-5.97,-5.76,-5.89,-5.49,-5.09,-4.58,-4.18,-3.94,-3.75,-3.43,-3.29,-2.98,-2.28,-1.73,-1.79,-2.03,-1.89,-1.49,-1.0,-0.44,-0.5,-0.61
-7.37,-7.88,-7.35,-8.05,-7.64,-7.31,-7.01,-6.13,-5.18,-6.0,-7.27,-8.42,-6.9,-6.07,-5.35,-5.24,-5.27,-5.82,-6.13,-5.68,-4.61,-4.48,-5.25,-4.58,-4.39,-3.81,-3.79,-3.74,-4.77,-5.27,-5.14,-5.24,-4.69,-4.93,-5.66,-5.88,-5.69,-5.58,-5.54,-5.77,-5.98,-5.82,-5.72,-4.98,-4.84,-4.86,-4.77,-4.54,-3.95,-3.57,-2.47,-2.74,-4.41,-6.18,-6.74,-6.73,-6.44,-6.58,-6.58,-6.34,-6.0,-5.3,-4.64,-4.25,-4.24,-4.24,-4.36,-4.05,-4.59,-4.71,-4.11,-3.74,-3.12,-2.91,-3.06,-2.78,-2.1,-1.65,-1.98,-1.83
-7.19,-7.36,-5.98,-8.35,-8.11,-7.21,-6.85,-5.85,-4.4,-5.54,-7.56,-6.42,-5.14,-5.64,-5.3,-5.2,-5.73,-5.84,-5.91,-5.74,-5.49,-5.45,-5.17,-4.89,-5.02,-4.61,-4.57,-4.96,-5.42,-5.85,-5.77,-5.01,-4.71,-4.99,-5.32,-5.53,-5.46,-5.62,-5.69,-6.26,-6.44,-6.99,-6.56,-5.91,-5.96,-5.6,-5.39,-5.37,-4.73,-4.84,-4.12,-4.37,-5.29,-6.36,-6.74,-6.85,-6.56,-6.41,-6.13,-5.85,-5.8,-5.58,-5.4,-5.15,-5.05,-5.08,-5.01,-5.31,-5.48,-5.1,-4.53,-3.93,-3.86,-3.96,-3.72,-3.58,-2.94,-2.84,-3.11,-3.28
-4.44,-5.7,-5.05,-6.97,-7.7,-6.6,-7.07,-6.07,-4.84,-4.88,-6.63,-6.49,-5.9,-5.48,-4.98,-5.0,-5.76,-5.89,-5.61,-5.6,-5.37,-5.58,-5.1,-5.08,-5.27,-5.3,-4.73,-5.15,-5.75,-5.63,-5.48,-5.14,-5.37,-5.67,-5.69,-5.83,-5.69,-6.21,-6.47,-6.66,-6.83,-6.87,-6.66,-6.79,-6.46,-6.35,-6.18,-5.71,-5.68,-5.63,-5.28,-5.2,-5.81,-6.57,-6.9,-7.19,-7.4,-7.49,-7.38,-7.2,-6.89,-6.34,-5.92,-5.56,-5.5,-5.5,-5.95,-6.1,-5.88,-5.32,-4.93,-4.58,-4.54,-4.27,-4.17,-4.03,-3.83,-3.96,-3.92,-4.05
-2.68,-4.18,-3.81,-2.93,-6.14,-5.98,-6.4,-5.49,-5.85,-5.38,-3.92,-5.74,-5.97,-5.32,-5.04,-5.49,-5.6,-5.6,-5.51,-5.31,-5.2,-5.34,-4.9,-4.82,-5.05,-5.35,-4.93,-5.37,-5.74,-5.82,-5.47,-5.44,-5.93,-6.23,-6.39,-6.44,-6.46,-6.37,-6.33,-6.25,-6.68,-7.06,-7.28,-7.29,-7.07,-6.75,-6.3,-6.31,-6.31,-6.3,-6.17,-5.59,-6.17,-6.94,-7.56,-8.38,-8.61,-8.4,-8.06,-7.81,-7.43,-6.89,-6.18,-5.47,-5.56,-5.82,-6.29,-6.2,-6.07,-5.75,-5.45,-5.26,-5.09,-5.02,-4.89,-4.76,-4.84,-4.72,-4.49,-4.42
5.05,2.15,0.47,0.11,-0.75,-5.59,-5.2,-5.08,-5.39,-5.67,-4.19,-4.98,-5.59,-5.26,-5.05,-5.15,-5.5,-5.52,-5.26,-5.0,-5.2,-5.14,-4.75,-4.6,-4.86,-5.04,-4.98,-5.4,-5.51,-5.66,-5.58,-5.45,-6.09,-6.61,-6.68,-6.57,-6.71,-6.54,-6.16,-6.58,-6.99,-7.3,-7.5,-7.38,-7.19,-6.86,-6.67,-6.73,-6.79,-6.87,-7.19,-6.7,-6.55,-7.43,-8.47,-9.3,-9.0,-8.64,-8.46,-8.12,-7.74,-7.05,-6.27,-5.7,-5.78,-5.94,-6.06,-6.01,-5.82,-5.89,-5.83,-5.88,-5.88,-5.27,-4.95,-4.71,-4.95,-4.95,-4.79,-4.87
8.08,5.86,4.13,2.49,1.44,-1.68,-2.99,-3.0,-2.22,-3.8,-4.49,-4.49,-5.18,-5.26,-5.41,-4.9,-5.14,-5.1,-4.68,-4.77,-4.82,-4.79,-4.69,-4.73,-4.94,-4.62,-4.83,-5.18,-5.59,-5.39,-5.49,-5.36,-5.74,-6.34,-6.42,-6.31,-6.38,-6.47,-6.4,-6.45,-6.86,-7.22,-7.54,-7.4,-7.26,-7.07,-6.99,-7.11,-7.33,-7.44,-7.58,-7.38,-7.53,-7.86,-8.55,-9.05,-9.26,-9.2,-8.77,-8.43,-7.8,-6.97,-6.17,-5.66,-5.53,-5.63,-5.69,-5.57,-5.33,-5.35,-5.39,-5.68,-5.85,-5.45,-4.9,-5.03,-5.37,-5.32,-5.16,-4.94
9.9,10.05,6.86,5.42,4.88,2.33,0.56,-0.43,-2.34,-3.26,-4.41,-4.06,-4.34,-5.24,-5.4,-5.11,-4.76,-4.42,-4.18,-4.33,-4.3,-4.2,-4.56,-4.92,-4.76,-4.47,-4.8,-4.88,-5.32,-5.45,-5.38,-5.25,-5.36,-5.84,-5.95,-5.83,-5.75,-5.95,-6.32,-6.62,-6.9,-7.17,-7.38,-7.27,-7.23,-7.2,-7.14,-7.3,-7.57,-7.79,-7.91,-7.82,-7.87,-7.85,-8.01,-8.5,-8.94,-8.76,-8.31,-8.12,-7.59,-6.94,-6.35,-5.94,-5.77,-5.91,-5.9,-5.66,-5.23,-4.75,-4.73,-5.07,-5.57,-5.29,-5.2,-5.56,-5.55,-5.53,-5.48,-5.32
10.07,10.62,8.35,5.8,6.74,7.38,5.1,1.84,-0.8,-3.26,-4.06,-3.93,-3.57,-4.88,-5.06,-5.05,-4.69,-4.05,-3.55,-3.2,-3.51,-3.97,-4.32,-4.58,-4.29,-4.35,-4.8,-4.75,-4.89,-5.13,-5.24,-5.01,-4.98,-5.3,-5.33,-5.09,-5.16,-5.43,-6.02,-6.42,-6.73,-6.97,-7.13,-7.09,-7.07,-7.12,-7.16,-7.3,-7.58,-7.97,-8.15,-8.32,-8.12,-7.81,-7.86,-8.35,-8.55,-8.42,-8.13,-8.06,-7.72,-7.26,-6.86,-6.57,-6.16,-5.88,-5.81,-5.77,-5.61,-5.09,-4.97,-5.25,-5.5,-5.56,-6.02,-6.33,-5.99,-5.77,-5.67,-5.68
10.65,10.12,8.99,8.42,7.33,6.61,5.58,2.91,0.79,-2.07,-3.58,-3.71,-3.13,-4.43,-4.77,-4.91,-4.59,-3.71,-2.83,-2.88,-3.37,-3.77,-3.96,-3.77,-3.74,-3.74,-4.16,-4.91,-4.75,-4.74,-4.78,-4.64,-4.77,-4.88,-4.78,-4.55,-4.64,-5.08,-5.56,-5.98,-6.27,-6.56,-6.77,-6.72,-6.81,-6.94,-7.06,-7.23,-7.39,-7.75,-7.95,-8.17,-8.18,-7.81,-7.88,-8.09,-8.1,-8.16,-8.0,-7.73,-7.42,-7.18,-6.99,-6.93,-6.89,-6.45,-6.43,-6.22,-5.94,-5.8,-5.83,-5.87,-6.01,-6.26,-6.85,-6.81,-6.53,-6.27,-6.34,-6.59
9.09,9.06,9.63,10.08,8.38,7.51,5.9,4.51,2.07,-1.23,-3.16,-3.21,-3.25,-4.22,-4.28,-4.69,-4.61,-3.84,-3.34,-3.16,-2.94,-2.97,-3.52,-3.04,-3.47,-2.84,-2.95,-4.67,-4.97,-4.54,-4.43,-4.15,-4.42,-4.46,-4.27,-4.23,-4.36,-4.63,-5.06,-5.38,-5.63,-5.99,-6.31,-6.47,-6.62,-6.76,-6.68,-6.91,-7.12,-7.38,-7.45,-7.73,-8.02,-7.8,-7.63,-7.55,-7.48,-7.52,-7.45,-7.37,-7.38,-7.31,-7.17,-7.15,-7.33,-6.9,-6.72,-6.58,-6.56,-6.72,-6.64,-6.46,-6.49,-6.65,-7.08,-7.08,-6.88,-6.78,-6.69,-6.87
9.03,8.59,8.18,10.02,7.18,4.0,2.8,2.18,1.01,-1.36,-2.75,-2.55,-3.76,-4.07,-3.99,-4.53,-4.29,-3.81,-3.58,-3.56,-3.32,-2.81,-3.25,-3.27,-3.56,-2.61,-2.95,-3.12,-4.66,-4.56,-4.25,-4.08,-4.02,-3.93,-3.8,-3.92,-4.09,-4.26,-4.48,-4.51,-4.91,-5.36,-5.69,-5.87,-6.08,-6.3,-6.39,-6.41,-6.57,-6.9,-6.95,-7.45,-7.6,-7.47,-7.46,-7.22,-7.01,-7.17,-7.12,-7.2,-7.29,-7.23,-7.31,-7.56,-7.66,-7.34,-7.2,-7.15,-7.13,-7.34,-7.18,-6.89,-6.58,-6.61,-7.0,-7.28,-7.5,-7.44,-7.33,-7.36
7.56,6.04,7.39,9.45,5.48,3.3,1.75,1.18,0.69,-2.13,-2.17,-2.26,-4.26,-3.84,-3.71,-4.3,-4.38,-3.95,-3.53,-3.14,-3.39,-3.12,-2.68,-3.34,-3.94,-3.94,-3.28,-2.79,-3.21,-4.44,-4.17,-3.71,-3.59,-3.51,-3.29,-3.83,-3.82,-3.84,-3.85,-3.87,-4.2,-4.63,-4.79,-4.95,-5.45,-5.82,-6.09,-6.03,-6.06,-6.43,-6.52,-6.86,-7.01,-7.22,-7.12,-6.76,-6.91,-6.97,-7.16,-7.28,-7.21,-7.22,-7.64,-7.65,-7.93,-7.49,-7.52,-7.86,-8.07,-7.83,-7.63,-7.39,-7.12,-7.04,-7.3,-7.59,-7.77,-7.88,-7.9,-7.81
8.68,6.18,7.38,6.69,3.16,1.25,1.45,1.08,-0.25,-2.31,-1.4,-3.1,-3.57,-3.14,-3.79,-4.24,-4.17,-3.78,-3.1,-2.2,-2.53,-3.06,-2.73,-3.56,-4.27,-4.3,-3.93,-2.98,-3.05,-3.4,-3.67,-2.81,-3.42,-3.22,-3.18,-3.45,-3.34,-3.25,-3.33,-3.39,-3.24,-3.43,-3.46,-3.89,-5.09,-5.51,-5.52,-5.38,-5.48,-5.9,-5.96,-6.0,-6.42,-6.69,-6.46,-6.4,-6.69,-6.9,-7.09,-7.09,-6.87,-7.27,-7.52,-7.67,-8.23,-7.79,-8.05,-8.52,-8.58,-8.43,-8.14,-7.83,-7.56,-7.37,-7.65,-8.12,-8.39,-8.49,-8.53,-8.67
5.59,4.7,5.8,4.18,0.82,0.87,1.61,1.02,0.35,-1.34,-1.01,-2.76,-3.25,-3.11,-3.57,-3.38,-3.81,-3.59,-3.22,-2.87,-2.41,-2.72,-3.31,-4.09,-4.42,-4.57,-4.32,-3.11,-2.93,-3.36,-2.33,-1.61,-3.21,-3.1,-2.72,-2.66,-2.7,-2.51,-2.38,-2.2,-2.07,-1.8,-2.05,-3.0,-4.7,-5.14,-4.88,-4.55,-4.71,-4.99,-5.11,-5.25,-5.94,-6.07,-5.84,-6.2,-6.46,-6.81,-6.88,-6.99,-6.74,-6.89,-7.08,-7.62,-8.42,-8.41,-8.58,-9.01,-8.97,-8.83,-8.62,-8.14,-7.99,-8.02,-8.27,-8.61,-8.9,-9.13,-9.27,-9.3
4.39,1.72,0.39,-0.82,-0.4,0.47,0.87,0.77,-0.03,-0.66,-0.42,-2.11,-2.84,-2.34,-2.82,-3.21,-3.32,-3.28,-3.06,-3.18,-3.39,-3.17,-4.35,-4.66,-4.58,-4.64,-4.36,-3.93,-3.8,-3.8,-2.07,-1.18,-2.12,-2.56,-2.29,-1.74,-1.64,-1.66,-0.99,-0.86,-0.24,0.3,0.2,-2.76,-4.32,-4.4,-4.13,-4.09,-3.95,-3.87,-4.29,-4.92,-5.04,-5.4,-5.46,-5.9,-6.57,-6.67,-6.67,-6.8,-6.48,-6.43,-6.75,-7.62,-8.4,-8.82,-8.85,-9.04,-9.05,-8.95,-8.74,-8.43,-8.31,-8.45,-8.42,-8.69,-9.11,-9.67,-9.88,-9.84
2.26,0.65,-0.05,-0.24,0.07,0.24,-0.25,0.11,-0.52,-0.71,-0.52,-1.06,-1.67,-1.6,-2.72,-3.28,-2.82,-3.07,-3.0,-3.32,-3.89,-3.68,-4.91,-4.84,-4.48,-4.27,-4.29,-4.1,-3.46,-3.13,-3.15,-2.25,-1.62,-2.25,-1.77,-1.08,-1.03,-0.14,-0.82,-0.6,0.25,1.49,-0.02,-1.87,-4.86,-4.15,-3.75,-3.69,-3.64,-3.37,-3.34,-3.82,-4.37,-4.99,-5.3,-5.38,-6.15,-6.25,-6.38,-6.52,-6.08,-6.3,-6.82,-7.53,-8.22,-8.83,-8.87,-8.92,-9.17,-9.06,-8.93,-8.59,-8.53,-8.61,-8.92,-9.17,-9.55,-10.09,-10.32,-10.13
2.36,1.17,-0.07,-0.14,-0.07,0.21,-0.68,-0.01,-0.25,-0.66,-0.11,0.08,-1.14,-1.31,-2.43,-2.98,-2.37,-2.67,-2.63,-2.63,-3.32,-3.58,-4.67,-4.32,-4.44,-3.89,-4.04,-4.27,-3.82,-3.52,-3.92,-3.43,-2.2,-2.05,-1.46,0.03,-0.04,-0.59,-0.92,-1.01,-2.1,-1.22,-2.92,-4.08,-4.37,-3.91,-3.65,-3.08,-2.6,-2.62,-2.63,-3.05,-3.43,-3.96,-4.43,-4.81,-5.46,-5.87,-6.01,-6.17,-5.91,-6.35,-6.91,-7.69,-8.17,-8.52,-8.89,-9.05,-9.15,-9.16,-9.04,-8.71,-8.69,-9.05,-9.13,-9.34,-9.64,-10.14,-10.37,-10.07
-1.17,-1.3,-0.97,-0.8,-0.19,0.05,0.07,0.16,-0.44,0.3,0.46,0.89,-1.29,-1.81,-1.78,-2.42,-2.34,-1.72,-1.65,-1.28,-2.33,-2.48,-2.93,-3.63,-4.19,-3.46,-3.35,-3.79,-4.09,-4.19,-3.89,-3.17,-2.24,-1.37,-0.4,0.58,-1.28,-0.81,-1.35,-3.13,-4.14,-4.76,-5.31,-5.35,-4.42,-3.48,-2.57,-1.99,-1.68,-1.52,-1.82,-1.7,-1.96,-2.66,-3.66,-4.11,-4.66,-5.2,-5.41,-5.67,-5.99,-6.65,-6.7,-7.43,-8.09,-8.41,-8.75,-9.01,-8.7,-8.72,-8.96,-8.64,-8.72,-9.1,-9.2,-9.31,-9.49,-9.97,-10.26,-10.08
-1.73,-0.94,-0.75,-0.72,0.28,1.16,1.07,0.69,0.06,0.48,0.56,-0.36,-0.7,-1.3,-1.17,-1.71,-2.01,-1.61,-2.1,-1.8,-2.54,-1.87,-1.89,-2.6,-2.95,-3.0,-2.78,-3.38,-3.43,-4.13,-4.47,-3.21,-1.5,-1.59,-1.4,-1.27,-1.42,-2.5,-2.98,-3.91,-4.02,-5.62,-5.25,-4.76,-3.68,-2.94,-1.85,-1.22,-1.24,-1.0,-0.75,-0.24,-1.01,-1.56,-2.38,-3.64,-3.65,-4.44,-4.39,-5.16,-5.56,-6.57,-6.55,-6.9,-7.67,-8.21,-8.67,-8.8,-8.45,-8.41,-8.68,-8.66,-8.76,-8.63,-8.75,-9.06,-9.25,-9.63,-9.96,-10.1
-3.03,-1.66,-0.72,-0.31,0.74,0.28,-0.15,0.9,-0.04,0.6,-0.26,-0.5,-0.93,-1.23,-1.24,-2.07,-2.54,-2.96,-4.22,-4.15,-3.45,-2.5,-2.11,-2.34,-2.52,-2.68,-2.62,-2.45,-2.76,-2.99,-3.52,-3.46,-1.9,-1.26,-2.35,-2.6,-2.92,-4.49,-3.83,-4.22,-3.85,-4.83,-4.18,-3.45,-2.56,-2.16,-1.46,-1.07,-0.65,0.13,-0.32,0.18,-1.22,-1.3,-2.25,-2.23,-2.86,-3.19,-3.45,-4.53,-5.27,-5.82,-6.47,-6.89,-6.83,-7.5,-8.21,-8.27,-8.23,-8.19,-8.33,-8.46,-8.54,-8.14,-8.39,-8.87,-9.25,-9.33,-9.77,-10.37
-6.48,-6.34,-6.17,-5.43,-4.22,-2.39,-1.58,-0.91,-0.24,-0.92,-1.31,-2.59,-2.92,-2.3,-2.71,-3.33,-4.02,-4.79,-4.31,-3.64,-4.23,-4.52,-3.64,-3.18,-2.7,-2.33,-3.38,-3.84,-2.96,-1.93,-2.11,-2.78,-2.68,-1.61,-2.82,-3.02,-4.69,-5.19,-4.68,-4.46,-3.91,-4.0,-3.15,-2.13,-1.36,-1.09,-0.58,-0.45,0.2,1.19,1.01,0.95,-0.05,-1.28,-1.68,-2.03,-1.48,-1.68,-2.38,-3.44,-4.65,-5.26,-5.59,-6.29,-6.35,-6.69,-7.48,-7.72,-7.87,-7.91,-7.78,-8.01,-8.15,-7.86,-7.97,-8.66,-9.13,-9.13,-9.75,-10.31
-7.86,-8.15,-9.04,-8.29,-8.12,-9.0,-8.11,-6.08,-3.01,-3.18,-4.8,-5.41,-5.07,-4.56,-5.0,-4.88,-4.17,-4.22,-3.79,-2.98,-4.31,-4.6,-4.27,-3.42,-2.26,-1.88,-2.67,-3.33,-3.05,-1.8,-1.8,-2.36,-2.93,-3.08,-3.67,-4.78,-5.6,-5.88,-5.38,-4.74,-3.78,-3.37,-2.3,-1.4,-2.48,-2.65,-2.09,-1.49,-0.74,0.29,1.27,1.35,0.88,-0.32,-1.53,-1.02,-0.41,-0.37,-0.88,-1.61,-3.68,-4.3,-4.84,-5.22,-5.61,-6.52,-6.79,-7.01,-7.22,-7.55,-7.28,-7.39,-7.58,-7.24,-7.52,-8.35,-8.86,-9.22,-9.55,-9.85
-8.07,-8.54,-9.64,-9.73,-9.37,-10.07,-10.81,-9.54,-8.11,-8.5,-8.56,-7.57,-7.32,-6.21,-5.45,-4.62,-4.69,-4.14,-3.28,-2.23,-4.33,-4.05,-3.47,-2.7,-1.74,-0.95,-1.13,-1.54,-2.5,-2.45,-2.25,-1.46,-4.22,-4.11,-4.87,-5.67,-5.9,-6.07,-5.31,-5.09,-4.36,-3.78,-3.28,-3.15,-2.74,-1.96,-1.74,-2.08,-1.47,-0.85,-0.6,-0.09,-0.01,-0.33,0.35,0.39,1.0,0.68,0.94,-0.34,-2.03,-3.3,-3.61,-4.33,-4.64,-5.95,-6.06,-6.02,-6.36,-6.78,-6.72,-6.7,-6.94,-6.54,-6.81,-7.92,-8.73,-9.24,-9.08,-9.43
