public/data/weather/current/current-wind-surface-level-gfs-1.0.json
{"header": {"discipline":0,"disciplineName":"Meteorological products","gribEdition":2,"gribLength":131858,"center":7,"centerName":"US National Weather Service - NCEP(WMC)","subcenter":0,"refTime":"2014-01-31T00:00:00.000Z","significanceOfRT":1,"significanceOfRTName":"Start of forecast","productStatus":0,"productStatusName":"Operational products","productType":1,"productTypeName":"Forecast products","productDefinitionTemplate":0,"productDefinitionTemplateName":"Analysis/forecast at horizontal level/layer at a point in time","parameterCategory":2,"parameterCategoryName":"Momentum","parameterNumber":3,"parameterNumberName":"V-component_of_wind","parameterUnit":"m.s-1","genProcessType":2,"genProcessTypeName":"Forecast","forecastTime":3,"surface1Type":103,"surface1TypeName":"Specified height level above ground","surface1Value":10,"surface2Type":255,"surface2TypeName":"Missing","surface2Value":0,"gridDefinitionTemplate":0,"gridDefinitionTemplateName":"Latitude_Longitude","numberPoints":65160,"shape":6,"shapeName":"Earth spherical with radius of 6,371,229.0 m","gridUnits":"degrees","resolution":48,"winds":"true","scanMode":0,"nx":360,"ny":181,"basicAngle":0,"subDivisions":0,"lo1":0,"la1":90,"lo2":359,"la2":-90,"dx":1,"dy":1}, "data":
[rows 0 to 35 of 181, columns 81 to 161 of 360]
4.82,4.82,4.82,4.81,4.81,4.8,4.8,4.79,4.78,4.76,4.75,4.73,4.72,4.7,4.68,4.66,4.64,4.61,4.59,4.56,4.53,4.5,4.47,4.44,4.41,4.37,4.34,4.3,4.26,4.22,4.18,4.14,4.09,4.05,4,3.95,3.9,3.85,3.8,3.75,3.7,3.64,3.59,3.53,3.47,3.41,3.35,3.29,3.23,3.17,3.1,3.04,2.97,2.91,2.84,2.77,2.7,2.63,2.56,2.49,2.42,2.34,2.27,2.19,2.12,2.04,1.97,1.89,1.81,1.73,1.65,1.58,1.5,1.42,1.34,1.25,1.17,1.09,1.01,0.93,0.84
4.02,4,3.98,3.94,3.91,3.88,3.84,3.81,3.78,3.75,3.71,3.67,3.63,3.59,3.54,3.5,3.46,3.42,3.38,3.34,3.29,3.25,3.2,3.16,3.11,3.07,3.02,2.97,2.92,2.88,2.84,2.79,2.74,2.69,2.64,2.6,2.55,2.5,2.46,2.41,2.36,2.3,2.25,2.2,2.15,2.1,2.05,2,1.94,1.89,1.83,1.78,1.73,1.67,1.62,1.57,1.52,1.46,1.41,1.35,1.3,1.25,1.19,1.13,1.07,1.02,0.97,0.91,0.85,0.79,0.73,0.67,0.61,0.55,0.49,0.43,0.37,0.31,0.25,0.19,0.12
3.14,3.08,3.02,2.96,2.9,2.83,2.77,2.71,2.64,2.58,2.54,2.48,2.43,2.37,2.32,2.27,2.22,2.17,2.13,2.09,2.05,2.01,1.97,1.93,1.88,1.83,1.79,1.74,1.7,1.66,1.61,1.57,1.52,1.48,1.44,1.39,1.35,1.32,1.28,1.23,1.19,1.15,1.11,1.07,1.03,0.99,0.96,0.92,0.88,0.84,0.8,0.75,0.71,0.67,0.63,0.6,0.56,0.52,0.48,0.44,0.4,0.36,0.32,0.28,0.24,0.21,0.17,0.14,0.1,0.06,0.03,-0.01,-0.04,-0.08,-0.11,-0.14,-0.17,-0.21,-0.24,-0.27,-0.3
2.58,2.5,2.42,2.34,2.27,2.19,2.12,2.06,2,1.94,1.89,1.85,1.8,1.75,1.7,1.65,1.61,1.57,1.52,1.48,1.44,1.39,1.34,1.3,1.25,1.19,1.15,1.09,1.04,0.98,0.92,0.87,0.82,0.77,0.72,0.67,0.62,0.58,0.54,0.49,0.46,0.43,0.39,0.36,0.32,0.29,0.26,0.22,0.19,0.16,0.12,0.09,0.05,0.02,-0.01,-0.05,-0.09,-0.13,-0.17,-0.21,-0.25,-0.3,-0.34,-0.38,-0.42,-0.46,-0.5,-0.54,-0.58,-0.62,-0.66,-0.7,-0.74,-0.77,-0.8,-0.83,-0.86,-0.89,-0.93,-0.95,-0.97
2.8,2.7,2.6,2.5,2.4,2.29,2.2,2.1,2.01,1.93,1.84,1.76,1.68,1.6,1.52,1.43,1.35,1.26,1.17,1.08,0.99,0.89,0.81,0.71,0.61,0.51,0.41,0.32,0.25,0.16,0.1,0.03,-0.01,-0.06,-0.1,-0.12,-0.14,-0.15,-0.16,-0.18,-0.18,-0.17,-0.17,-0.17,-0.17,-0.17,-0.17,-0.18,-0.19,-0.2,-0.21,-0.23,-0.25,-0.27,-0.29,-0.31,-0.34,-0.36,-0.39,-0.42,-0.44,-0.47,-0.49,-0.51,-0.54,-0.56,-0.59,-0.61,-0.63,-0.65,-0.68,-0.71,-0.73,-0.76,-0.79,-0.82,-0.84,-0.87,-0.9,-0.93,-0.96
3.29,3.17,3.04,2.91,2.76,2.63,2.49,2.35,2.19,2.04,1.87,1.71,1.53,1.35,1.18,1,0.83,0.66,0.51,0.35,0.21,0.09,-0.04,-0.15,-0.25,-0.34,-0.42,-0.49,-0.55,-0.6,-0.64,-0.68,-0.72,-0.76,-0.79,-0.82,-0.83,-0.86,-0.87,-0.88,-0.9,-0.91,-0.93,-0.96,-0.98,-1.02,-1.06,-1.1,-1.15,-1.2,-1.25,-1.31,-1.36,-1.42,-1.48,-1.54,-1.58,-1.64,-1.69,-1.73,-1.77,-1.79,-1.82,-1.84,-1.86,-1.87,-1.88,-1.89,-1.9,-1.92,-1.89,-1.86,-1.84,-1.83,-1.8,-1.78,-1.76,-1.73,-1.7,-1.66,-1.62
3.7,3.6,3.51,3.37,3.14,2.92,2.72,2.55,2.38,2.17,1.94,1.71,1.49,1.25,1.01,0.76,0.5,0.26,0.05,-0.14,-0.31,-0.47,-0.62,-0.76,-0.89,-1.01,-1.12,-1.23,-1.35,-1.46,-1.56,-1.65,-1.75,-1.84,-1.94,-2.04,-2.16,-2.28,-2.38,-2.46,-2.55,-2.65,-2.75,-2.86,-2.96,-3.06,-3.17,-3.26,-3.33,-3.42,-3.51,-3.59,-3.65,-3.7,-3.77,-3.84,-3.87,-3.91,-3.95,-3.99,-4.02,-4.04,-4.06,-4.09,-4.1,-4.09,-4.06,-4.03,-4.01,-3.98,-3.94,-3.88,-3.8,-3.72,-3.62,-3.52,-3.42,-3.31,-3.2,-3.08,-2.95
3.87,3.69,3.5,3.3,3.13,2.95,2.75,2.5,2.24,1.97,1.66,1.38,1.11,0.86,0.6,0.33,0.07,-0.16,-0.39,-0.6,-0.83,-1.07,-1.31,-1.54,-1.77,-2,-2.23,-2.43,-2.63,-2.83,-3.01,-3.2,-3.37,-3.54,-3.69,-3.85,-4.03,-4.17,-4.32,-4.44,-4.58,-4.7,-4.83,-4.96,-5.08,-5.21,-5.35,-5.46,-5.59,-5.75,-5.93,-6.09,-6.23,-6.34,-6.42,-6.48,-6.52,-6.54,-6.54,-6.53,-6.48,-6.42,-6.35,-6.26,-6.17,-6.06,-5.94,-5.81,-5.68,-5.55,-5.4,-5.26,-5.1,-4.95,-4.8,-4.64,-4.49,-4.34,-4.19,-4.05,-3.91
3.74,3.54,3.36,3.19,3.03,2.83,2.57,2.29,2,1.7,1.36,0.99,0.63,0.26,-0.08,-0.41,-0.74,-1.07,-1.41,-1.74,-2.06,-2.36,-2.65,-2.91,-3.16,-3.42,-3.68,-3.95,-4.2,-4.43,-4.63,-4.84,-5.04,-5.28,-5.54,-5.83,-6.14,-6.45,-6.74,-6.99,-7.22,-7.41,-7.58,-7.72,-7.85,-7.97,-8.07,-8.16,-8.24,-8.3,-8.34,-8.38,-8.41,-8.42,-8.41,-8.4,-8.37,-8.32,-8.26,-8.17,-8.07,-7.95,-7.82,-7.66,-7.49,-7.3,-7.1,-6.89,-6.67,-6.45,-6.22,-5.99,-5.77,-5.55,-5.33,-5.11,-4.89,-4.67,-4.46,-4.24,-4.03
3.35,3.15,2.99,2.86,2.75,2.63,2.44,2.14,1.7,1.29,1,1.12,1.25,1.16,0.72,-0.05,-1.08,-2.13,-2.75,-3.22,-3.52,-3.8,-4.21,-4.65,-4.97,-5.2,-5.41,-5.66,-5.98,-6.35,-6.74,-7.15,-7.54,-7.9,-8.21,-8.47,-8.7,-8.89,-9.06,-9.24,-9.42,-9.58,-9.72,-9.85,-9.92,-9.98,-10.03,-10.09,-10.14,-10.17,-10.17,-10.13,-10.08,-10.01,-9.9,-9.76,-9.59,-9.39,-9.17,-8.92,-8.64,-8.34,-8.02,-7.69,-7.35,-7.02,-6.69,-6.38,-6.07,-5.78,-5.49,-5.22,-4.95,-4.69,-4.44,-4.19,-3.95,-3.7,-3.46,-3.23,-3
2.54,2.26,1.99,1.75,1.51,1.2,0.84,0.46,0.14,-0.23,-0.67,-1.06,-1.61,-2.11,-2.11,-1.71,-1.16,-0.86,-1.14,-2.37,-3.8,-4.92,-5.58,-5.98,-6.37,-6.85,-7.43,-8.04,-8.56,-8.97,-9.25,-9.46,-9.67,-9.9,-10.15,-10.37,-10.52,-10.55,-10.51,-10.45,-10.45,-10.5,-10.59,-10.64,-10.67,-10.72,-10.85,-11.04,-11.2,-11.23,-11.11,-10.91,-10.67,-10.41,-10.13,-9.81,-9.45,-9.06,-8.68,-8.3,-7.93,-7.58,-7.22,-6.88,-6.54,-6.21,-5.91,-5.65,-5.42,-5.22,-5.02,-4.78,-4.5,-4.16,-3.79,-3.4,-3.03,-2.71,-2.42,-2.16,-1.92
1.8,1.46,1.07,0.64,0.26,-0.08,-0.45,-0.88,-1.44,-2.18,-3.07,-3.91,-4.53,-4.67,-4.6,-4.29,-4.2,-4.56,-4.93,-4.98,-4.17,-3.3,-3.17,-4.44,-6.27,-8.25,-9.55,-10.06,-10.02,-9.88,-9.99,-10.4,-10.93,-11.39,-11.71,-11.93,-12.1,-12.17,-12.1,-11.96,-11.87,-11.91,-11.99,-12.02,-11.93,-11.77,-11.63,-11.48,-11.25,-10.95,-10.59,-10.19,-9.81,-9.42,-9.05,-8.71,-8.42,-8.17,-7.97,-7.79,-7.59,-7.36,-7.11,-6.83,-6.56,-6.31,-6.09,-5.87,-5.6,-5.25,-4.8,-4.27,-3.73,-3.24,-2.79,-2.41,-2.08,-1.81,-1.58,-1.36,-1.15
1.06,0.65,0.24,-0.17,-0.58,-1,-1.47,-1.96,-2.56,-3.28,-4.01,-4.65,-5.16,-5.53,-5.8,-6.07,-6.32,-6.37,-6.12,-5.48,-5.02,-4.97,-5.71,-7.15,-9.26,-11.23,-12.31,-12.25,-11.77,-11.63,-11.87,-12.06,-11.95,-11.72,-11.69,-11.95,-12.35,-12.68,-12.81,-12.78,-12.69,-12.54,-12.32,-12.06,-11.75,-11.42,-11.1,-10.81,-10.58,-10.4,-10.24,-10.1,-9.93,-9.7,-9.43,-9.17,-8.97,-8.78,-8.55,-8.29,-8.03,-7.73,-7.41,-7.04,-6.6,-6.11,-5.56,-4.96,-4.31,-3.65,-2.95,-2.23,-1.55,-0.98,-0.6,-0.35,-0.09,0.23,0.58,0.89,1.12
0.44,-0.07,-0.56,-1.03,-1.48,-1.95,-2.5,-3.12,-3.88,-4.59,-5.21,-5.58,-5.88,-6.4,-7.28,-7.9,-8,-7.71,-7.36,-7.15,-7.15,-7.38,-7.94,-8.73,-9.49,-9.9,-9.95,-9.81,-9.61,-9.93,-10.62,-11.33,-11.68,-11.7,-11.92,-12.38,-12.73,-12.66,-12.43,-12.24,-12.06,-11.85,-11.66,-11.45,-11.22,-10.94,-10.65,-10.39,-10.27,-10.25,-10.21,-10.01,-9.64,-9.29,-9.09,-8.97,-8.78,-8.48,-8.13,-7.73,-7.18,-6.52,-5.77,-5.03,-4.36,-3.79,-3.25,-2.64,-1.83,-0.78,0.45,1.78,3.12,4.34,5.46,6.45,7.25,7.81,8.17,8.36,8.44
-0.47,-1.12,-1.75,-2.31,-2.75,-3.22,-3.73,-4.28,-4.76,-4.92,-4.8,-4.43,-4.27,-4.74,-6.63,-8.67,-9.67,-8.85,-8.3,-8.53,-8.71,-8.65,-8.79,-9.33,-9.84,-9.95,-9.52,-8.55,-6.93,-5.51,-6.07,-8.88,-11.97,-12.71,-12.09,-11.79,-11.83,-11.64,-11.46,-11.3,-11,-10.85,-10.95,-10.94,-10.7,-10.46,-10.22,-9.98,-9.92,-10,-9.9,-9.53,-9.17,-8.95,-8.74,-8.31,-7.61,-6.78,-6.07,-5.54,-5.01,-4.36,-3.37,-1.76,0.6,3.39,5.98,8,9.34,10.11,10.45,10.47,10.24,9.92,9.63,9.42,9.24,9.07,8.93,8.78,8.61
-1.86,-2.72,-3.61,-4.55,-5.56,-6.25,-6.33,-5.78,-5.74,-6.23,-6.92,-7.56,-7.73,-7.36,-6.96,-7.28,-8.2,-8.73,-8.59,-8.79,-9.69,-10.04,-9.29,-8,-6.18,-4.7,-4.39,-5.75,-8.09,-10.35,-11.98,-13.26,-14.32,-14.16,-12.99,-11.93,-11.47,-11.35,-11.26,-11.08,-10.92,-10.93,-11.03,-10.96,-10.73,-10.53,-10.38,-10.23,-10,-9.68,-9.49,-9.47,-9.24,-8.75,-8.12,-7.36,-6.71,-6.23,-5.52,-3.81,-0.67,2.75,5.15,6.27,6.81,7.06,7.18,7.18,7.46,7.83,8.09,8.21,8.22,8.18,8.11,7.99,7.84,7.66,7.48,7.25,6.98
-2.61,-3.21,-4.1,-5.28,-6.68,-7.59,-7.48,-7.02,-6.52,-6.26,-6.85,-8.03,-9.4,-10.37,-10.48,-10.11,-9.97,-10.07,-10.01,-9.94,-9.62,-8.75,-7.77,-7.05,-6.55,-6.21,-6.14,-6.44,-7.69,-9.23,-9.56,-10.44,-11.46,-11.75,-11.24,-10.68,-10.41,-10.08,-9.66,-9.38,-9.25,-9.19,-9.24,-9.24,-9.23,-9.21,-9.11,-9.18,-9.36,-9.38,-9.32,-9.24,-9.05,-8.65,-8.09,-7.37,-6.38,-4.65,-2.21,0.38,2.45,3.81,4.67,5.44,6.25,7.09,7.73,8.08,8.16,8.16,8.17,8.15,8.08,7.96,7.84,7.63,7.41,7.15,6.87,6.52,6.11
-4.55,-4.89,-5.53,-6.28,-7.06,-7.83,-8.18,-7.92,-7.43,-7.12,-7.19,-7.18,-6.63,-5.79,-5.5,-6.06,-7.05,-7.82,-8.06,-7.83,-7.53,-7.27,-7.14,-7.17,-7.28,-7.37,-7.01,-6.79,-6.9,-7.19,-7.37,-7.5,-7.63,-7.64,-7.47,-7.41,-7.44,-7.28,-6.75,-5.6,-4.02,-3.48,-4.31,-5.26,-6.3,-7,-6.98,-6.88,-8,-9.07,-9.24,-8.99,-8.58,-8,-7.51,-7.3,-6.75,-5,-2.12,1.11,3.9,6.03,7.71,9.08,9.53,9.34,9.06,8.92,8.74,8.43,8.18,8.01,7.76,7.41,7.11,6.89,6.59,6.13,5.49,4.79,4.16
-5.85,-6.4,-6.15,-5.94,-6.81,-7.78,-8.2,-8.25,-8.33,-8.53,-8.31,-7.48,-6.32,-5.52,-5.47,-5.91,-6.17,-6.33,-6.31,-5.58,-4.19,-3.08,-2.51,-2.54,-3.57,-5.33,-6.44,-6.16,-5.31,-4.71,-4.59,-4.5,-3.96,-3.44,-3.04,-2.22,-0.93,0.53,2.02,3.25,3.63,3.08,1.92,1.37,2.89,5.77,6.12,2.8,-1.06,-3.58,-3.83,-2.75,-2.21,-2.45,-2.35,-0.79,2.2,6.47,10.11,10.93,10.2,9.51,8.93,8.52,8.55,8.49,7.37,7.03,8.33,9.29,8.01,7.06,6.82,6.52,6.12,5.66,5.09,4.32,3.43,2.6,2.02
-5.82,-7.83,-9.92,-8.58,-7.76,-7.79,-7.49,-6.8,-6.03,-4.78,-3.16,-1.74,-0.7,-0.11,0.41,1.17,1.63,1.58,1.77,2.15,1.84,0.35,-2.11,-4.51,-5.32,-5.14,-5.13,-4.41,-3.32,-2.84,-2.77,-2.54,-1.6,-0.04,1.44,2.47,3.04,3.19,3.12,3.31,3.93,4.25,3.71,3.48,4.72,6.26,5.94,4.55,4.69,4.47,2.73,1.39,1.8,2.9,3.89,5.03,6.56,7.77,7.71,6.55,5.4,4.96,4.87,4.86,5.05,5.43,5.61,4.98,4.37,4.51,5.13,5.88,5.68,5.07,4.35,3.5,2.75,1.98,1.02,0.04,-0.81
-6.08,-6.96,-7.93,-8.11,-7.75,-7.37,-7.76,-7.05,-4.5,-3.87,-3.13,-1.74,-1.95,-2.59,-1.62,-0.9,-1.11,-1.29,-2.41,-3.32,-3.91,-4.53,-3.95,-3.34,-3.02,-2.36,-2.2,-2.73,-2.94,-2.51,-1.87,-1.24,-0.52,0.71,2.06,2.67,2.79,2.82,2.87,3.03,3.09,3.47,4.32,4.89,4.91,4.55,2.96,0.79,0.11,0.27,0.66,2.34,4.05,4.28,4.37,6.17,7.28,6.77,5.55,3.87,2.8,2.88,3.02,3.14,3.79,4.45,4.37,3.3,2.58,2.91,3.55,3.62,3.28,2.91,2.38,1.45,0.28,-0.97,-2.49,-4.14,-4.88
-6.64,-7.21,-7.55,-7.5,-8.15,-9.46,-9.04,-7.18,-6,-3.88,-2.49,-3.4,-4.38,-4.78,-5.22,-5.09,-4.43,-3.55,-2.32,-2.63,-3.77,-4.14,-4.45,-4.43,-3.77,-2.9,-1.73,-0.66,-0.01,0.19,0.06,-0.05,0.13,0.95,2.07,2.55,2.57,2.36,2.35,2.72,3.08,3.53,3.93,4.14,4.01,2.62,0.44,-0.27,-0.34,-0.67,1.01,3.3,3.73,3.82,3.93,3.4,3.13,2.79,1.34,0.71,0.64,0.3,1.31,2.55,2.61,2.54,2.41,1.8,1.17,1.45,2.23,2.45,2.09,1.59,0.95,-0.01,-1.1,-2.34,-3.83,-5.11,-3.81
-6.31,-6.77,-6.9,-7.52,-8.94,-8.57,-5.97,-3.34,-1.44,-1.22,-1.68,-1.91,-2.04,-2.28,-2.96,-3.24,-2.77,-2.24,-2.33,-2.43,-2.23,-2.5,-2.54,-2.21,-1.67,-1.01,-0.04,0.81,1.07,0.83,0.52,0.59,0.65,0.72,0.93,1.22,1.77,2.03,1.84,1.92,2.47,2.93,3.33,3.61,2.94,1.62,0.53,-0.83,-1.84,-0.54,1.98,3.03,2.84,2.67,3.05,3.72,4.55,3.78,0.83,-1.76,-0.74,1.2,1.8,1.95,2.2,2.01,1.23,1.26,1.82,2.23,2.36,1.76,0.79,0.35,0.15,-0.38,-0.93,-1.58,-1.71,-1.65,-2.38
-4.38,-4.58,-5.44,-5.97,-5.64,-4.87,-3.44,-1.2,0.1,0.69,-0.01,-0.97,-1.51,-1.73,-1.59,-1.6,-2.24,-2.28,-1.96,-1.71,-1.93,-2.14,-2.08,-1.65,-0.88,0.06,0.87,1.49,1.45,0.6,0.31,0.23,0.21,0.05,-0.01,0.33,0.86,1.4,1.77,1.77,1.76,2.27,2.8,2.89,2.3,1.6,0.56,-0.72,-0.71,0.83,1.66,2.02,2.52,2.43,2.84,3.86,4.82,3.51,1.33,1.3,0.78,0.89,2.13,2.67,1.58,0.76,0.2,-0.55,0.24,1.49,1.51,0.85,0.63,0.78,0.55,0.83,0.84,0.43,0.51,-0.43,-1.19
-4.14,-4.06,-3.88,-3.51,-3.37,-3.05,-1.84,-0.41,0.03,-0.31,0.04,-0.28,-0.58,0.01,0.07,0.03,0.05,-0.15,-0.05,-0.25,-0.21,-0.21,-0.6,-0.92,-1.08,-0.63,0.07,0.11,0,0.67,0.8,0.33,0.16,-0.03,-0.25,-0.2,0.04,0.26,0.73,1.35,1.52,1.64,2.17,3.04,3.01,2.41,1.48,1.21,1.48,0.58,1.35,2.87,2.76,2.62,2.96,4.61,4.83,3.49,3.22,1.62,0.22,1.04,3.47,2.48,-0.39,-1.06,-0.69,0.1,1.3,2.52,2.57,2.05,1.84,2.05,2.45,2.24,1.89,0.78,-0.3,-0.05,-0.58
-2.45,-2.61,-2.58,-2.77,-2.56,-1.93,-1.04,-0.21,-0.34,-0.49,-0.57,-0.34,0.55,1.08,0.83,0.28,-0.12,0.3,0.35,0.01,0.61,0.81,0.14,-0.37,0.22,0.7,0.53,0.57,0.06,-0.3,0.04,-0.13,-0.22,0.09,0.31,0.27,0.46,0.86,1.05,1.18,1.24,1.32,1.34,2.02,2.93,2.36,1.69,0.7,0,1.59,3.99,2.97,1.18,1.98,4.22,4.67,4.11,3.01,1.63,0.59,-0.49,0.93,2.83,1.66,0.49,0.34,0.16,-0.1,0.37,1.58,1.93,1.38,1.47,1.58,1.95,1.45,0.49,0.28,0.16,-0.11,-0.18
-1.62,-1.83,-2.08,-1.55,-1.04,-0.79,-0.44,-0.37,-0.64,-0.24,0.53,0.77,1.06,0.83,0.8,0.3,-0.01,0.05,0.1,0.78,0.76,0,-0.1,0.01,-0.07,0.02,0.39,0.68,0.91,1.27,0.83,0.59,0.68,0.56,0.36,0.63,1.19,1.38,1.41,1.32,1.38,1.34,1,0.89,0.95,1.13,1.53,1.56,1.04,1.03,1.08,1.33,1.43,2.06,3.46,3.9,2.85,2.05,1.53,-0.31,-0.73,0.55,0.56,0.5,0.4,0.9,1.37,1.4,2.38,2.76,2.22,1.92,1.95,2.41,2.49,1.95,1.99,0.75,0.24,-0.4,-0.34
-2.37,-1.96,-1.63,-1.58,-1.39,-1.03,-0.58,-0.61,-0.59,0.04,0.32,0.8,0.6,0.6,0.85,0.6,0.05,0,0.55,0.2,-0.46,0.4,1.01,0.75,0.43,0.53,1.22,0.92,1.08,1.1,0.96,1.2,1.27,1.13,0.89,1.01,1.21,1.69,1.91,1.66,1.69,1.44,1.11,0.95,0.73,0.43,0.13,0.02,-0.31,-0.63,-0.46,-0.51,-0.49,-0.02,1.1,1.84,1.41,1.32,0.38,0.46,0.56,-0.69,0.18,-0.04,0.23,0.46,0.68,0.82,0.93,1.45,1.2,0.98,1.93,2.32,2.07,1.27,1.33,0.59,-0.15,0.27,1.02
-1.94,-1.99,-1.96,-1.75,-1.38,-0.99,-1.19,-1.28,-0.87,-1.15,-0.53,0.33,0.11,0.27,0.13,0.09,0.4,0.48,0.17,0.27,1,1.21,1.19,0.87,1.13,1.54,1.36,1.74,2.1,2.25,2.41,1.74,1.47,1.7,1.77,1.31,0.96,1.02,0.97,1.02,1.32,1.28,1.23,0.93,0.52,0.51,0.58,0.44,-0.05,0.02,0.21,0.36,0.54,0.99,1.63,1.69,1.37,0.45,-0.78,-0.78,-2.01,-1.02,0.49,-0.27,-1.22,-0.17,0.34,0.46,0.51,1.62,2.14,2.02,2.21,2.14,1.84,0.17,-0.88,0.26,2.05,2.97,2.94
-1.91,-1.91,-1.92,-1.93,-1.91,-1.98,-2,-1.83,-1.92,-1.75,-0.54,-0.48,-0.7,-0.7,0.08,0.8,0.78,0.84,0.84,1.13,1.38,1.04,1.2,1.39,1.34,1.34,1.59,1.79,1.93,2.21,2.31,2.33,1.83,1.43,1.46,0.79,0.36,0.37,0.5,0.66,0.87,1.11,0.94,0.93,0.99,0.74,0.54,0.5,0.46,-0.04,-0.29,0.03,0.17,0.21,1.13,1.49,0.35,-0.16,-1.04,-1.92,-2.74,-1.81,-0.34,-0.67,-2.61,-1.21,0.42,0.55,0.28,0.79,1.51,2.51,2.55,2.55,1.3,0.62,1.68,1.66,1.23,0.35,0.69
-2.17,-2.13,-2.06,-2.12,-2.07,-2.09,-2.16,-2.15,-2.19,-1.76,-0.59,0.36,0.11,-0.3,0,0.26,0.56,1,1.48,1.52,1.54,1.24,0.84,0.97,1.03,1.06,1.02,1.26,1.49,1.2,1.33,1.48,1.92,1.85,1.27,1.04,-0.28,-0.88,-0.33,0.41,0.48,0.5,0.64,0.8,0.58,0.5,0.57,0.7,0.7,0.36,-0.06,-0.33,-0.33,-0.1,0.13,0.73,-0.13,-1.42,-0.24,-0.1,-1.24,-1.44,-2.35,-2.53,-2.14,-2.33,-2.06,-2.67,-2.58,-1.84,-1.85,-1.44,-1.18,-1.71,-1.37,-0.8,-1.63,-2.41,-1.13,2.76,4.23
-2.06,-2.2,-2.23,-2.24,-2.17,-2.02,-1.78,-1.35,-1.07,-1.27,-0.51,0.51,0.93,1.21,0.9,0.75,0.88,1.18,1.18,1.3,0.82,0.92,1.21,1.69,1.34,1.11,1.54,1.64,1.68,1.81,1.85,2.54,2.34,1.72,1.5,1.41,1.27,0.16,0.05,-0.23,0.3,0.92,0.95,0.96,1.53,0.84,0.06,0.33,0.5,-0.08,-0.48,-0.74,-1.26,-1.03,-0.77,-1.06,-0.37,-0.4,-0.53,-0.6,-1.54,-4.32,-5.93,-4.57,-4.22,-4.71,-2.59,1.18,4.68,5.86,4.53,0.21,-3.69,-2.4,-2.45,-4.07,0.33,6.58,9.02,5.35,2.06
-1.65,-1.57,-1.47,-1.57,-1.5,-1.44,-1.16,-0.91,-0.72,-0.39,0.04,0.57,0.64,0.66,1.03,0.92,1.24,1.37,1.34,1.43,1.67,1.97,1.97,1.38,1.44,1.76,1.62,1.58,1.77,1.77,1.78,0.98,0.4,0.16,0.85,1.82,2.06,2.2,1.15,1.17,0.47,-0.34,-0.01,1.7,1.32,1.26,2,1.19,-0.94,-0.94,0.87,0.53,-1.32,-2.34,-3.05,-2.21,0.25,1.04,-1.06,-3.1,-6.37,-6.37,-4.25,-3.26,-2.76,-1.49,1.66,3.4,2.87,2.29,2.4,-0.49,-1.61,2.81,1.05,3.16,7.42,4.79,2.46,1.95,1.83
-1.39,-1.33,-1.38,-1.28,-1.17,-0.92,-0.81,-0.37,-0.04,0.46,0.92,1.04,0.87,1.07,0.25,0.32,0.64,1.02,1.51,1.91,1.54,1.37,1.18,1.63,1.65,1.31,1.68,2.1,2.59,2.56,2.6,2.07,2.26,0.46,0.05,0.38,-0.9,0.23,2.25,0.45,1.11,2.04,1.37,0.49,0.31,0.48,-1,-0.96,0.28,-0.16,-0.1,0.56,0.45,-0.15,-0.17,-1.6,-2.01,-3.99,-4.11,-4.17,-5.82,-6.43,-4.78,-2.72,-1.8,-1.21,-0.08,-0.11,-0.75,-0.96,-1.47,-3.26,-3.66,-1.46,3.41,7.31,2.53,1.21,2.97,2.06,2.31
-1.39,-1.34,-1.41,-0.96,-0.57,0.08,0.91,0.31,-0.29,-0.17,0.25,0.61,0.11,-0.66,-0.05,0.62,0.76,0.55,0.9,1.46,1.22,1.76,1.63,1.71,1.73,1.81,1.95,2.4,1.39,1.43,0.14,1.81,0.64,0.43,0.57,0.04,-0.83,-0.8,-0.43,0.18,1.27,1.32,0.42,-0.16,-0.9,-1.46,-1.76,-1.94,-2.4,-1.11,-0.82,-0.96,-0.43,-1.6,-2.45,-5.19,-5.5,-3.05,-4.93,-6.84,-5.88,-4.89,-4.86,-4.57,-4.45,-4.37,-3.89,-3.97,-4.8,-5.36,-5.34,-4.48,-3.45,-2.15,2.48,0.59,-0.02,2.47,0.69,0.76,2.39
-0.89,-1.3,-1.63,-0.43,-0.06,0.23,0.97,2.24,0.84,-0.27,-0.43,0.54,1.53,1.59,0.96,1.03,1.38,1.8,1.6,1.77,1.5,1.16,1.13,1.21,0.58,1.26,0.97,1.31,1.04,0.82,0.66,0.52,-0.05,-0.68,-0.12,1.17,0.83,0.61,-0.2,0.48,0.23,0.24,-0.12,-0.39,0.07,-0.83,-1.41,-1.86,-0.45,1.19,1.21,-0.44,0.45,0.1,-1.79,-3.09,-4.49,-4.32,-3.64,-3.56,-4.78,-4.95,-4.52,-4.45,-4.94,-4.84,-4.77,-5.04,-5.23,-5.69,-6.21,-6.73,-9.35,-3.66,-1.07,-2,0.51,-0.53,-2.06,1.84,2.34
