public/data/weather/current/current-wind-surface-level-gfs-1.0.json
{"header": {"discipline":0,"disciplineName":"Meteorological products","gribEdition":2,"gribLength":131858,"center":7,"centerName":"US National Weather Service - NCEP(WMC)","subcenter":0,"refTime":"2014-01-31T00:00:00.000Z","significanceOfRT":1,"significanceOfRTName":"Start of forecast","productStatus":0,"productStatusName":"Operational products","productType":1,"productTypeName":"Forecast products","productDefinitionTemplate":0,"productDefinitionTemplateName":"Analysis/forecast at horizontal level/layer at a point in time","parameterCategory":2,"parameterCategoryName":"Momentum","parameterNumber":2,"parameterNumberName":"U-component_of_wind","parameterUnit":"m.s-1","genProcessType":2,"genProcessTypeName":"Forecast","forecastTime":3,"surface1Type":103,"surface1TypeName":"Specified height level above ground","surface1Value":10,"surface2Type":255,"surface2TypeName":"Missing","surface2Value":0,"gridDefinitionTemplate":0,"gridDefinitionTemplateName":"Latitude_Longitude","numberPoints":65160,"shape":6,"shapeName":"Earth spherical with radius of 6,371,229.0 m","gridUnits":"degrees","resolution":48,"winds":"true","scanMode":0,"nx":360,"ny":181,"basicAngle":0,"subDivisions":0,"lo1":0,"la1":90,"lo2":359,"la2":-90,"dx":1,"dy":1}, "data":
[rows 36 to 71 of 181, columns 0 to 79 of 360]
-5.36,-6.12,-6.54,-6.55,-6.54,-6.64,-7.51,-8.24,-8.78,-6.9,-6.1,-6.67,-6.46,-5.73,-7.6,-5.46,-4.45,-5.55,-6.31,-3.61,-4.66,-5.04,-5.31,-4.81,-4.72,-5.2,-4.83,-4.6,-3.83,-3.64,-3.17,-3.01,-2.47,-2.04,-1.53,-0.88,-0.33,0.58,1.74,2.3,2.29,2.2,2.25,2.55,3.2,3.35,3.01,4.23,3.86,3.81,3.49,2.71,2.32,2.62,2.89,2.6,1.64,0.78,1.92,2.87,3.09,3.84,3.94,4.34,4.46,4.23,4.99,4.76,5.04,5.69,5.75,6,6.63,5.36,4.62,4,3.38,4.78,4.87,3.06
-2.62,-3.28,-3.49,-3.89,-4.21,-4.04,-3.16,-3.63,-4.42,-5.63,-6.53,-5.9,-5.79,-5.79,-5.55,-6.01,-6.31,-6.6,-7.01,-7.17,-7.45,-5.76,-5.4,-4.97,-4.84,-4.83,-5.01,-4.75,-4.37,-4.04,-3.73,-3.56,-3.28,-3,-2.41,-2.02,-1.46,-1.12,-0.08,0.69,1.33,1.65,1.82,2.25,2.61,2.63,3.37,3.61,2.85,2.94,3.35,2.98,2.42,1.77,1.68,1.59,0.31,-0.2,1.57,2.46,3.61,3.56,3.49,3.8,3.86,3.5,3.92,3.26,3.6,3.99,3.88,6.13,6.24,6.45,5.35,5.43,4.73,4.65,4.8,4.34
-0.04,-0.6,-0.87,-0.55,-1.2,-1.51,-1.75,-1.15,-1.56,-2.13,-1.9,-2.42,-3.82,-4.87,-5.94,-6.22,-5.17,-5.39,-6.11,-7.12,-7.54,-6.81,-6.62,-6.31,-5.53,-5.26,-5.06,-4.71,-4.54,-4.41,-3.91,-4.17,-4.4,-3.89,-3.42,-2.84,-2.76,-2,-1.84,-0.9,-0.47,0.32,0.89,1.27,1.75,2.03,2.31,1.79,2.49,2.69,2.2,1.56,0.34,-0.01,-0.39,-0.18,-0.4,-0.36,1.47,1.5,2.43,2.65,2.44,2.44,2.64,1.54,2.54,1.98,3.24,3.04,3.27,3.36,4.11,5.14,6.93,6.98,6.04,5.18,4.49,3.41
-0.31,-0.82,-1.31,-1,0,1.1,0.35,-0.32,-0.45,-0.72,-1.22,-0.8,-0.08,-0.86,-1.93,-2.73,-3,-4.61,-5.23,-5.94,-8.28,-5.87,-5.58,-5.61,-5.57,-5.77,-5.81,-5.21,-4.6,-4.55,-4.37,-4.45,-4.99,-4.24,-3.52,-3.3,-3.37,-3.35,-2.86,-2.4,-1.82,-1.44,-0.43,0.05,0.6,0.85,2.22,1.59,1.39,0.29,-0.59,-0.74,-0.78,-0.4,-0.49,-0.64,-0.02,0.62,1.07,0.67,0.39,0.3,0.18,-0.03,0.87,0.33,0.71,1.83,2.14,3,3.04,3.14,2.82,3.48,4.08,4.99,6.05,6.27,5.49,3.71
-0.15,-1.72,-1.2,-1.12,-1.24,-0.29,0.44,0.23,-0.61,-1.72,-1.3,-1.52,-2.04,-2.37,-2.82,-3.09,-6.96,-2.83,-0.19,-3.75,-4.54,-4.84,-4.34,-6.73,-5.94,-6.18,-6.17,-4.66,-4.13,-3.92,-4.45,-5.16,-5.06,-4.9,-4.91,-4.51,-4.54,-5.05,-4.69,-4.3,-3.36,-2.92,-2.17,-1.45,-0.76,-0.16,-0.54,-0.74,-0.81,-0.88,-0.95,-0.87,-0.75,-0.92,-1.43,-1.03,-0.92,-0.6,-1.13,-0.91,-0.22,-1.13,-0.67,-1.18,-0.9,-0.37,-0.19,-0.29,1.44,2.58,2.03,1.76,1.74,2.12,1.78,2.58,2.8,3.76,5.31,4.8
0.31,0.19,-0.07,0.1,-0.27,-1.89,-0.86,-1.26,-0.58,-0.43,-0.9,-1.12,-1.38,-2.39,-2.2,-7.48,-6.87,-4.55,-2.93,-3.11,-1.27,-0.37,-0.97,-1.78,-3.58,-8.18,-6.54,-5.63,-4.47,-4.47,-5.13,-5.99,-6.12,-6.87,-5.46,-5.87,-6.64,-6.08,-5.92,-5.17,-5.18,-4.67,-4.19,-3.59,-2.75,-2.11,-1.99,-1.82,-1.61,-1.54,-1.5,-1.43,-1.53,-1.76,-2.26,-2.33,-2.34,-2.6,-2.73,-1.36,-1.21,-1.02,-1.33,-1.52,-1.62,-1.82,-1.8,-2.33,-0.35,0.07,0.45,0.47,0.78,0.65,0.51,1.97,2.37,1.39,1.05,1.7
-0.92,-0.24,0.32,0.2,0.33,-0.47,-0.9,-0.23,0.18,1.08,0.76,1.02,-0.41,-1.8,-2.5,-2.29,-2.91,-5.62,-5.5,-4.27,-2.69,-2.18,-4.09,-3.54,-3.57,-1.82,-3.94,-4.89,-4.14,-4.3,-4.45,-6.21,-7.15,-6.41,-6.35,-6.21,-6.93,-7.45,-7.52,-6.59,-6.48,-5.66,-5.69,-6.36,-4.64,-2.9,-2.93,-2.91,-2.52,-2.72,-2.58,-2.77,-2.45,-2.72,-3.41,-3.69,-3.37,-3.39,-3.77,-2.5,-2.28,-1.05,-1.29,-1.63,-2.26,-2.51,-4.26,-2.49,-2.05,-1.35,-1.82,-0.82,-0.14,3.55,3.81,3.25,3.71,4.86,7.57,6.57
0.47,-0.21,0.17,0.45,0.25,-0.15,-1.19,-0.4,-0.32,-0.34,-1.26,-0.88,-1.28,-2.14,-1.85,-1.2,-2.03,-2.97,-5.25,-5.82,-4.46,-0.46,-0.42,-3.56,-2.6,-4.46,-0.85,-2.22,-1.86,-1.84,-4.59,-6.14,-5.57,-6.57,-7.05,-6.11,-8.42,-11.22,-13.72,-12.53,-8.81,-7.36,-6.92,-6.76,-5.63,-3.56,-3.84,-3.72,-3.33,-3.43,-3.44,-4.05,-3.66,-3.41,-3.43,-4.55,-4.21,-3.61,-4.49,-4.05,-2.58,-2.34,-2.24,-2.11,-1.79,-1.91,-4.55,-4.6,-3.15,-2.87,-1.3,0.15,2,3.05,4.15,6.23,6.37,6.89,9.2,11.01
-0.97,-0.95,-0.37,0.57,0.3,-0.09,-1.05,-2.21,-1.14,0.21,-1.71,-2.09,-1.21,-3.32,-3.01,-2.07,-2.19,-4,-4.75,-5.33,-5.13,-3.81,-3.83,-2.76,-0.98,-2.96,-3.75,0,-2,-3.42,-4.22,-9.8,-9.06,-8.06,-10.13,-15.95,-17.72,-18.34,-14.07,-9.78,-10.97,-11.16,-8.88,-7.49,-7.28,-4.79,-4.48,-4.56,-3.45,-3.98,-5.19,-5.34,-5.33,-4.35,-3.5,-3.28,-3.95,-4.59,-4.75,-3.65,-6.2,-7.23,-3.43,-2.47,-2.48,-2.46,-2.81,-4.39,-3.45,-1.86,-0.86,0.58,3.1,5.54,8.46,8.47,7.96,8.47,8.84,12.02
-0.63,-1.33,-1.12,-0.36,0.86,-0.16,-2.6,-0.51,2.73,1.56,2.43,-1.42,-1.67,-8.94,-9.6,-3.86,-2.14,-2.54,-2.35,-4.56,-7.75,-4.92,-5.89,-1.24,-0.65,-2.05,-2.74,-2.98,-2.17,-1.17,-7.65,-9.15,-11.16,-8.76,-4.58,-5.14,-10.83,-12.73,-8.16,-8.77,-11.36,-11.92,-11.06,-7.96,-6.2,-4.85,-5.19,-4.25,-5.85,-7.07,-8.25,-7.42,-5.12,-3.84,-3.4,-3.36,-4.76,-4.2,-3.18,-8.09,-9.74,-9.33,-4,-2.91,-2.22,-1.79,-2.75,-3.48,-1.88,-0.8,0.71,2.04,3.48,4.58,8.27,8.71,8.64,6.87,6.11,5.64
1.02,0.82,-0.81,1.67,2.51,0.08,-0.71,-2.11,1.35,-0.41,-3.89,-1.39,0.68,-6.82,-10.8,-10.15,-4.41,-2.41,-0.72,-0.33,-2.71,-4.39,-4.83,-3.75,-5.47,-5.62,-4.8,-2.81,0.37,-3.89,-7.76,-6.56,-5.6,-3.87,-5.61,-3.39,-0.17,-1.92,-4.52,-2.43,1.77,-0.08,-2.52,-5.32,-4.35,-5.99,-4.93,-5.1,-7.62,-7.96,-9.34,-6.9,-5.5,-2.27,-5.46,-3.74,-2.72,-3.46,-6.11,-11.33,-11.29,-7.78,-4.93,-3.91,-2.91,-2.56,-1.79,-2.19,-3.66,1.41,2.56,3.19,3.95,5.17,5.09,7.31,4.45,3.36,4.39,4.58
0.68,0.56,2,5.22,6.48,4.7,4.53,-7.92,-6.33,2.3,-0.97,-0.32,-1.78,-1.12,-6.13,-7.65,-7.83,-10.04,-3.62,-1.61,-1.6,-1.88,-2.53,-2.62,-1.79,-0.4,-2.15,-0.82,-0.83,-4.08,-4.18,-1.35,0.83,-0.12,-4.82,-0.96,3.83,6.91,7.63,7.83,4.06,-1.67,1.07,2.7,-0.53,-2.67,-2.61,-2.11,-3.25,-6.07,-6.52,-7.16,-7.08,-7.5,-3.41,-5.92,-4.32,-3.27,-6.61,-8.11,-7.66,-6.16,-6.41,-6.88,-3.83,-2.45,-0.79,2.58,2.66,-3.12,-2.66,-1.54,1.45,-0.23,1.54,1.5,-1.16,0.09,1.08,0.49
-0.08,1.26,1.49,1.49,4.71,7.7,9.56,11.95,6.38,3.02,5.48,6.24,-0.53,-4.25,1.13,-2.14,-5.36,-7.1,-11,-5.73,-3.36,-1.48,-2.31,-2.38,-0.98,-2.06,-2.64,-4.88,-4.06,-5.48,-4.47,-2.28,0.69,4.97,7.45,7.38,8.6,9.65,8.15,6.51,7.44,8.3,5.58,1.11,-0.28,-1.6,-0.49,0.68,0.62,-2.14,-3.69,-4.96,-7.74,-6.34,-7.62,-6.41,-4.12,-5.4,-8.25,-6.8,-6.24,-5.81,-5.02,-4.93,-6.82,-3.23,-1.82,-0.15,0.48,0.13,1.8,4.8,2.03,0.74,1.36,-0.06,1.49,1.31,-1.09,2.08
4.45,3.15,3.73,-1.26,-1.4,3.74,6.38,8.08,7.46,6.14,6.52,4.1,1.68,-10.49,-5.48,-1.96,-3.62,-4.6,-8.34,-7.3,-4.18,-2.18,-1.97,-1.73,-1.14,-4.83,-4.87,-5.51,-10.03,-8.55,-4.07,-2.4,-0.47,1.21,1.59,0.13,-0.95,0.21,0.44,1.94,1.34,1.45,-0.44,2.31,-0.95,-0.84,-3.86,-3.57,0.18,2.5,1.57,-3.48,-6.97,-5.84,-6.09,-9.06,-6.05,-7.93,-7.32,-6.69,-5.85,-5.12,-4.59,-4.17,-4.04,-6.25,-4.15,-1.28,0.59,2.27,3.3,0.64,-1.86,-2.11,1.31,1.01,-0.9,0.69,4.14,3.43
2.32,2.92,6.14,3.43,-0.51,-0.09,3.29,3.97,1.85,1.98,2,3.19,2.02,-8.34,-10.93,-9.68,-3.72,-6.11,-7.82,-8.98,-3.47,-3.11,-2.48,-8.77,-11.35,-12.66,-9.88,-4.19,-1.51,-3.41,-2.02,-0.53,0.15,0.54,-0.09,1.35,1.01,0.94,1.04,0.37,0.28,-0.46,0.67,1.83,2.95,-0.55,1.36,-3.67,-2.33,-6.4,-3.88,-3.36,-5.41,-6.58,-7.63,-7.09,-8.96,-7.45,-7.53,-6.86,-5.96,-5,-3.35,-2.55,-4.57,-2.07,-3.12,-4.73,-0.87,2.79,4.09,1.57,0.73,1.14,1.24,4.59,1.82,-0.28,0.16,-1.53
7.18,5.74,5.25,6.29,7.62,5.5,3.35,1.58,1.09,1.76,3.1,3.29,2.81,-5.86,-9.62,-11.25,-9.32,-5.67,-9.86,-9.92,-7.74,-4.3,-2.29,-3.69,-5.61,-6.11,-5.68,-6.66,-2.26,-3.25,-2.64,-1.55,-0.61,0.31,0.36,0.3,1.37,2.22,2.26,1.7,0.42,-1.33,-0.79,-0.95,0.7,-0.1,-2.95,-0.44,-6.18,-6.83,-6.74,-4.33,-4.5,-4.96,-5.94,-8.32,-5.29,-5.86,-5.73,-5.56,-4.82,-4.58,-4.41,-3.01,-1.58,0.41,-0.25,0.75,1.69,-1.23,-1.86,1.47,2.18,0.72,2.23,6.65,3.22,1.99,2.56,1.37
5.87,3.8,3.6,4.8,4.53,3.36,1.57,-0.35,1.46,1.82,1.99,1.87,-7.24,-3.48,-2.75,-5.1,-6.05,-9.77,-10.41,-10.04,-9.47,-4.7,-4.11,-0.47,-2.97,-5.15,-4.7,-2.7,-2.96,-2.51,-2.56,-2.65,-1.49,-0.76,-1.03,0.45,-0.05,-0.35,1.2,0.74,1.71,0.79,-1.54,-2.91,1.51,2.79,-2.91,-2.02,-4.07,-5.62,-6.5,-4.84,-3.91,-5.17,-4.58,-3.74,-1.45,-3.26,-0.79,-1.56,-2.28,-2.78,-3.31,-1.82,0.22,-0.36,-0.92,-1.55,-3.3,-1.39,-2.33,1.3,-0.32,1.18,2.57,2.23,7.94,5.36,2.88,0.8
7.13,6.81,5.72,4.26,4.48,3.03,3.93,3.16,3.21,2.62,1.58,4.74,-7.47,-12.92,-12.04,-6.91,-11.39,-11.22,-11.45,-10.73,-11.58,-9.95,-5.23,-1.73,-5.3,-3.58,-3.43,-3.33,-2.37,-1.94,0.78,-0.6,-3.26,0.2,0.83,0.4,-2.76,-0.62,0.79,0.59,0.92,1.39,1.65,-0.93,-1.66,-0.18,1.6,1.86,-4.28,-4.55,-0.66,-2.44,-2.56,-4.13,0.72,2.26,1.95,0.02,-0.72,-2.03,0.23,-0.26,-2.3,-2.96,0.21,3.17,2.19,-0.98,-1.66,-0.57,-2.99,-4.72,-1.01,-0.27,1.15,1.78,3.8,3.5,1.8,3.23
4.52,1.28,1.59,1.59,1.5,-0.2,-1.1,-0.17,-0.53,0.2,1.34,2.94,2.64,-3.62,-6.6,-8.85,-10.69,-11.02,-11.29,-11.88,-11.95,-12.42,-12.07,-9.16,-7.2,-5.71,-4.03,-2.12,-1.31,-1.18,-2.4,-1.58,-2.54,-1.9,-4.65,-6.57,-1.61,-1.64,-0.99,-0.25,1.44,3.07,3.55,1.65,-0.55,-1.74,0.63,2.23,-0.13,-1.77,2.74,-1.23,-0.55,1.37,1.44,-1.55,0.7,0.69,0.45,-1.44,-3.1,0.7,2.3,-0.88,-1.57,-0.14,0.63,-0.5,2.82,-1.48,-2.57,1.39,-0.46,-0.97,-0.74,-3.42,-0.06,1.13,1.31,1.13
4.2,3.11,3.89,3.61,4.8,5.99,-1.03,-2.26,-2.42,-1.8,-2.54,-0.29,1.93,-2.08,-3.9,-4.99,-8.02,-9.68,-10.89,-11.2,-11.09,-11.32,-10.66,-8.49,-5.83,-3.23,-3.04,-3.52,-2.44,-1.6,-1.48,-0.81,-1.66,-1.31,0.28,-3.18,-2.34,-0.79,0.7,1.63,1.15,1.07,3.53,3.12,1.84,-0.11,-0.75,1.11,1.67,0.47,3.1,3.73,1.42,-1.03,-1.1,-0.65,-0.99,-0.07,-1.58,1.44,-0.09,-2.6,-1.43,1.33,-0.8,-2.84,-2.03,0.98,0.03,-0.13,-0.59,0.26,-1.41,-4.26,-1.4,-2.73,-2.04,-2.81,1.56,2.37
4.58,4.24,6.09,5.42,3,2.76,3.01,-4.59,-6.63,-4.21,-4.98,0,1.87,-3.68,-4.3,-6.78,-8.89,-9.4,-9.31,-8.91,-9.91,-10.78,-9.95,-8.58,-7.56,-7.29,-6.27,-5.93,-5.23,-3.96,-2.8,-2.48,-1.78,-3.66,-2.51,-0.83,-0.83,-0.29,0.53,1.31,3.04,3.57,4.29,4.24,2.5,0.91,0.36,1.41,1.09,1.43,1.84,2.08,0.7,1.78,0.03,0.36,0.34,0.18,0.16,1.01,-1.53,-1.3,-0.43,-1.28,-0.64,-0.68,-1.41,-1.28,1.01,-1.25,1.14,3.33,1.29,-3.07,-3.54,-1.35,-1.1,-0.29,-0.99,1.09
5.25,4.52,2.9,2.98,4.02,3.4,4.8,3.43,2.72,2.25,-0.22,4.45,3.12,-3.9,-5.3,-6.9,-9.4,-7.92,-8.13,-8.47,-6.79,-5.95,-6.92,-7.95,-8.08,-7.71,-6.98,-6.59,-6.2,-5.97,-4.88,-4.22,-3.13,-3.25,-3.83,-1.7,-1.59,-2.1,-3.45,-2.06,0.13,1.43,2.28,2.67,1.82,2.51,1.74,0.35,-0.99,-0.17,1.67,1.76,0.56,2.47,0.91,0.78,0.29,-0.34,-0.33,-0.45,1.57,0.09,-2.03,-2.53,-1.26,-0.46,-1.76,-0.96,-0.97,-1.04,0.76,0.29,-1.03,0.89,-0.3,-2.38,-3.36,-0.32,1.46,0.56
2.54,3.04,4.19,3.99,4.75,3.91,4.67,5.08,3.62,3.48,1.15,5.17,1.03,-1.22,-0.35,-2.25,-4.64,-6.43,-7.58,-9.72,-9.49,-7.67,-5.4,-4.86,-6.19,-7.11,-7.47,-7.48,-7.27,-7.09,-7.2,-7.55,-5.53,-3.58,-4.26,-1.95,-1.39,-1.29,-1.99,-2.6,-1.65,-0.97,-0.66,-0.37,1.41,2.51,3.84,4.99,3.17,0.79,0.55,1.71,1.6,0.04,1,-0.12,0.84,0.4,-1.26,-1.66,1.07,-0.76,-3.36,-3.37,-4.13,-2.51,-3.08,-3.11,-1.5,-0.54,1.18,0.65,0.62,1.1,1.09,0.9,-1.8,-3,0.17,-0.36
2.35,3.05,3.74,4.52,4.76,3.82,5.24,4.98,4.41,3.93,2.98,5.13,4.43,4.54,0.29,-1.1,-2.62,-2.9,-5.85,-7.74,-7.36,-5.69,-5.84,-5.69,-5.86,-5.3,-5.11,-5.41,-5.38,-6.94,-4.54,-2.23,-3.67,-5.3,-2.44,-0.78,-2.05,0.63,0.29,-2.58,-1.56,-0.72,-0.58,0.57,2.97,3.19,3.13,3.96,4.6,3.71,0.99,0.48,1.8,1.75,-0.4,1.72,-0.6,1.66,0.02,-2.47,0.55,0.88,-0.06,-0.84,-1.32,-1.53,-1.63,-1.59,-0.67,-0.15,0.22,1.36,0.22,0.84,1.26,1.07,0.27,-2.32,-2.19,0.7
1.46,2.66,2.8,3.9,4.75,4.37,5.05,5.54,3.92,4.68,4.33,5.91,4.08,4.63,1.95,0.12,-2.31,-2.61,-3.16,-2.96,-4.18,-5.37,-6.99,-6.06,-5.86,-5.77,-5.96,-3.97,-4.9,-4.85,-5.24,-3.73,-3.51,-4.22,-1.11,-1.87,-1.83,-2.59,0.88,0.07,-0.13,0.27,0.65,0.65,1.37,2.23,2.64,3.72,4.58,5.66,4.39,-0.33,1.39,0.71,1.68,-0.85,0.93,0.72,0.85,-2.87,-0.68,1.41,-0.19,-0.83,0.21,-0.48,-1.85,-2.19,0.09,-1.21,-0.15,-0.41,-0.61,-0.86,-0.53,0.11,0.78,0.47,-1.97,-1.9
1.26,1.52,3.33,4.59,4.27,6.09,7.07,5.95,4.32,5.83,5.12,5.49,3.54,2.58,1.31,-0.3,-1.45,-2.36,-4.04,-1.71,-4.61,-6.47,-6.82,-5.49,-5.71,-5.29,-5.12,-3.39,-4.97,-4.19,-2.42,-0.51,-3.2,0.42,-1.13,-2.67,-0.33,-3.09,-1.53,-1.22,-1.01,-1.11,-0.55,0.13,0.38,0.3,1.1,2.39,4.34,5.83,5.97,2.5,-0.37,0.62,0.73,0.58,-0.81,1.81,2.49,1.88,-3.69,2.77,-1.02,-4.14,-1.59,0.22,-2.23,-0.45,-0.07,-3.26,-1.72,-1.88,-2.95,-2.91,-2.42,-1.64,-0.33,1.07,1.63,0.06
2.65,2.74,4.18,3.52,4.83,6.37,7.16,5.52,6.33,6.53,5.28,3.93,2.26,0.7,-0.02,-0.61,0.05,-0.51,-1.93,-3.26,-5.76,-6.13,-5.86,-5.82,-5.65,-5.26,-4.85,-4.51,-4.31,-2.98,-1.75,-0.81,-2.71,2.2,1.52,-2.1,-2.81,-2.49,-2.23,-2.68,-1.9,-1.29,-1.21,-0.91,-0.72,-0.62,0,1.14,2.91,4.86,5.23,4.62,1.39,0.46,1.44,-0.17,-0.08,1.04,0.49,0.41,-1.1,-0.15,2.4,1.61,-1.56,-1.89,-2.23,-0.04,-0.92,-4.12,-3.75,-3.64,-4.54,-4.55,-3.29,-1.87,-0.49,0.59,0.81,0.84
3.1,3.25,3.64,4.81,5.32,6.67,7.52,6.45,6.66,6.08,2.94,0.32,1.1,1.28,-3.59,-3.37,-3.26,-2.67,-1.07,-3.57,-4.48,-5.03,-4.89,-5.98,-5.72,-5.26,-5.11,-4.31,-2.6,-3.73,-1.1,0.6,-2.47,-1.69,3.26,2.74,-0.62,-3.33,-1.01,-2.75,-1.59,-0.91,-0.8,-1.74,-2.41,-2.32,-1.02,0.15,1.45,2.83,4.8,5.46,6.45,3.98,1.61,-0.62,-0.26,-1.41,1.25,0.58,-0.15,-0.36,0.58,1.49,-0.06,-1.5,-0.93,-0.82,-0.28,-2.39,-3.12,-3.65,-3.71,-4.28,-3.34,-2.6,-1.32,-0.68,-0.1,-0.16
2.09,3.46,3.55,3.46,2.63,3.49,3.97,6.83,5.32,3.23,2.58,-0.96,2.28,-0.65,-2.03,-2.75,-2.91,-2.28,-1.43,-2.64,-3.34,-3.37,-3.13,-4.45,-4.45,-4.85,-5.45,-4.59,-2.97,-2.84,-1.37,-1.03,0.18,-0.46,-0.25,4.15,2.7,-2.19,-0.71,-1.84,-2.18,-1.57,-2.59,-2.7,-3.09,-3.23,-2.2,-1.28,-0.28,1.11,3.38,4.74,6.28,7.07,7.38,6.04,3.94,0.16,-1.55,-1.6,-1.31,-0.51,-0.48,-0.13,-0.09,-0.64,-0.91,-1.3,1.15,-1.45,-2.81,-3.03,-2.25,-2.21,-2.88,-1.97,-1.52,-1.71,-0.78,-0.5
2,2.07,2.61,1.9,2.63,3.5,3.95,4.98,2.14,0.42,5.42,2.9,0.71,0.47,-1.48,-2.93,-3.81,-2.72,-1.79,-1.02,-1.67,-1.94,-2.84,-3.63,-1.57,-3.35,-4.37,-3.44,-2.81,-1.38,-1.06,-2.84,-2.26,-0.22,-2.54,2.13,2.75,-0.11,-2.16,-1.47,-2.16,-3.85,-1.85,-1.57,-2.91,-3.31,-2.21,-1.45,-0.93,-0.19,1.4,2.95,4.49,5.13,5.3,3.6,1.75,1.64,-0.74,-2.34,-2.58,-1.73,-0.81,-0.33,0.37,0.93,0.88,-1.4,-1.58,-0.25,-2.72,-2.81,-1.33,-0.98,-1.19,-2.04,-1.57,-2.51,-1.17,-0.55
2.25,0.97,1.13,1.12,1.36,3.12,7.5,5.31,3.49,-2.67,3.96,2.08,1.27,0.52,-0.69,-1.12,-1.12,-0.25,-0.12,-1.31,-0.6,-0.16,-0.77,-1.97,-1.58,-2.42,-3.72,-2.41,-2.7,-3.98,-1.9,-3.22,-3.96,-1.71,-1.74,-1.03,2.68,1.99,-1.8,-2.04,-1.92,-2.83,-2.39,-1.6,-1.69,-1.69,-2.73,-1.05,-2.09,-1.31,-0.39,1.1,1.99,2.03,1.99,1.33,0.42,-0.68,-1.2,-2.36,-2.36,-1.56,-1.17,-0.8,-0.55,-0.17,0.09,-0.07,-0.59,-1.38,-2.9,-4.03,-3.69,-3.58,-2.19,-3.79,-2.62,-2.92,-1.94,-1.13
1.83,1.01,0.98,1.35,1.39,1.7,5.45,2.74,5.25,3.59,1.91,-0.1,0.33,-0.55,-0.83,-0.01,-0.64,-1.18,-1.6,-0.79,-0.25,-1.5,-1.21,-2.22,-3.16,-3.6,-3.98,-2.81,-2.61,-3.51,-2.64,-1.97,-3.53,-2.29,-2.7,-1.72,1.35,2.08,1.09,-1.42,-1.23,0.01,0.54,-0.68,-1.3,-1.43,-2.83,-1.7,-2.03,-1.97,-1.98,-0.71,-0.53,-0.37,0.82,1.39,0.42,0.01,-0.32,0.89,-0.55,-0.79,-1.16,-1.21,-1.27,-1.11,-1.05,-1.3,-1.6,-2.85,-2.06,-3.72,-4.21,-4.46,-3.44,-3.93,-2.91,-2.85,-2.01,-1.64
1.23,1.93,2.44,2.43,3.29,4.38,3.74,2.87,1.22,2.45,2.95,-0.71,-1.27,-1.94,-1.61,-2.21,-0.08,-0.82,-0.63,0.27,-0.46,-1.8,-2.91,-3.46,-4.17,-4.32,-3.63,-2.77,-2.54,-3.05,-3.72,-2.69,-2.36,-0.92,-2,-2.93,-0.26,4.83,1.89,-0.52,-1.44,0.81,0.87,0.11,-1.46,-1.28,-2.9,-2.76,-2.27,-1.71,-1.32,-0.96,-1.19,-0.1,0.65,0.62,0.87,0.62,-1.11,0.99,1.15,-0.32,-1.11,-1.55,-1.85,-1.89,-2.34,-2.57,-2.84,-4.19,-3.3,-3.57,-2.39,-4.23,-4,-3.24,-3.01,-2.58,-1.64,-1.49
2.23,2.98,2.66,3.36,5.25,4.49,4.04,1.45,1.31,3.76,3.45,0.74,-2.91,-2.7,-1.93,-2.61,-2.22,-0.53,-0.48,1.15,-0.96,-2.92,-3.9,-4.45,-6.02,-5.27,-4.74,-3.32,-2.93,-2.49,-2.96,-2.53,-3.07,-0.73,-1.79,-2.5,-1.9,-0.02,0.71,-0.14,-0.17,-1.14,-1.1,-1.15,-1.83,-2.52,-3.47,-3.48,-3.89,-2.23,-2.51,-2.34,-2.66,-1.84,0.77,0.54,0.47,1.3,-0.57,0.55,0.06,-0.7,-1.62,-1.97,-2.37,-2.57,-3.13,-3.25,-3.15,-4.68,-4.47,-2.82,-4.43,-3.39,-3.2,-2.46,-2.55,-2.76,-2.89,-2.49
2.58,2.02,3.07,4.06,4.61,3.07,2.82,0.36,0.73,3.87,2.52,-1.94,-1.42,-2.66,-2.42,-3.7,-3.07,-3.44,-2.14,0.8,-1.24,-1.9,-4.4,-6.12,-5.31,-5.04,-4.52,-4.48,-2.27,-2.02,-2.33,-2.75,-2.86,-2.18,-2.44,-3.66,-2.15,-1.08,-1.04,0.62,2.58,0.25,-1.09,-1.47,-2.84,-3.07,-4.17,-4.35,-3.73,-3.35,-3.56,-3.77,-3.78,-2.2,-0.51,0.72,0.84,0.61,1.05,0.48,-0.46,-1.2,-1.95,-2.41,-2.73,-2.9,-3.36,-3.17,-2.78,-3.47,-4.58,-5.57,-4.68,-1.99,-2.75,-2.52,-3.04,-3.5,-2.39,-1.63
2.61,3.18,3.74,4.35,3.61,2.67,3.65,2.13,0.38,2.68,0.93,-0.67,-2.75,-2.68,-3.06,-3.75,-3.35,-3.16,-0.83,-2.66,-1.93,-3.07,-4.68,-5.13,-4.73,-4.11,-3.82,-4.77,-1.52,-1.49,-1.98,-3.38,-3.42,-1.98,-2.7,-2.08,-2.9,-1.69,0.64,-0.89,1.79,2.87,-0.1,-0.48,-2.06,-1.76,-3.45,-3.84,-3.89,-4.21,-3.89,-4.13,-2.39,-1.61,-1.58,-1.14,-0.52,0.26,0.93,0.13,-0.82,-1.48,-2.22,-2.6,-2.89,-3.28,-3.51,-3.13,-2.79,-2.76,-3.27,-3.66,-4.53,-3.06,-2.68,-2.84,-2.88,-2.39,-2.14,-1.3
