public/data/weather/current/current-wind-surface-level-gfs-1.0.json
{"header": { "discipline":0, "disciplineName":"Meteorological products", "gribEdition":2, "gribLength":65567, "center":7, "centerName":"US National Weather Service - NCEP(WMC)", "subcenter":0, "refTime":"2014-01-24T00:00:00.000Z", "significanceOfRT":1, "significanceOfRTName":"Start of forecast", "productStatus":0, "productStatusName":"Operational products", "productType":1, "productTypeName":"Forecast products", "productDefinitionTemplate":0, "productDefinitionTemplateName":"Analysis/forecast at horizontal level/layer at a point in time", "parameterCategory":2, "parameterCategoryName":"Momentum", "parameterNumber":2, "parameterNumberName":"U-component_of_wind", "parameterUnit":"m.s-1", "genProcessType":2, "genProcessTypeName":"Forecast", "forecastTime":0, "surface1Type":103, "surface1TypeName":"Specified height level above ground", "surface1Value":10.0, "surface2Type":255, "surface2TypeName":"Missing", "surface2Value":0.0, "gridDefinitionTemplate":0, "gridDefinitionTemplateName":"Latitude_Longitude", "numberPoints":65160, "shape":6, "shapeName":"Earth spherical with radius of 6,371,229.0 m", "gridUnits":"degrees", "resolution":48, "winds":"true", "scanMode":0, "nx":360, "ny":181, "basicAngle":0, "subDivisions":0, "lo1":0.0, "la1":90.0, "lo2":359.0, "la2":-90.0, "dx":1.0, "dy":1.0 }, "data":
[rows 72 to 107 of 181, columns 0 to 79 of 360]
3.27,0.22,1.12,-1.8,0.12,-2.4,-2.88,-3.06,-4.6,-1.84,-1.25,-2.23,-2.84,-2.89,-3.41,-4.49,-4.75,-6.44,-6.47,-5.78,-5.05,-6.09,-5.35,-4.74,-4.31,-3.4,-3.72,-2.96,-0.61,-0.4,-0.27,-0.8,-1.43,-1.06,-1.98,-4.61,-1.8,-3.68,-2.42,-4.11,-5.71,-5.58,-0.27,0.22,0.04,-1.49,-2.18,-3.08,-3.51,-3.43,-3.72,-3.3,-3.0,-2.53,-2.58,-2.24,-3.98,-5.79,-5.65,-5.49,-5.43,-5.51,-5.31,-5.11,-4.87,-4.43,-3.74,-3.05,-2.43,-0.9,-0.34,-0.88,0.2,-0.55,-0.84,-1.55,-2.42,-1.23,-1.81,-0.56
1.41,1.06,-1.89,-2.04,-2.44,-3.82,-5.11,-5.27,-6.4,-3.94,-3.66,-3.95,-4.0,-4.04,-3.66,-4.14,-4.59,-5.36,-5.36,-5.26,-4.82,-4.23,-4.24,-4.71,-3.14,-3.08,-3.29,-2.74,-0.72,-0.67,-0.24,-0.3,-0.85,-0.35,-1.31,-3.4,-3.04,-2.55,-2.98,-0.23,-5.61,-5.64,-2.53,0.55,-0.7,-0.41,-0.99,-4.01,-2.04,-2.41,-2.72,-1.84,-0.97,0.06,-0.48,-3.8,-5.76,-6.06,-6.05,-5.82,-5.85,-5.89,-5.65,-5.32,-4.94,-4.58,-4.12,-3.64,-2.94,-2.35,-2.21,-1.77,-0.7,-0.81,-1.59,-1.83,-1.87,-2.17,-2.82,-1.66
1.58,0.79,-0.73,-2.86,-3.63,-5.02,-4.89,-5.62,-5.36,-4.88,-4.1,-4.28,-3.7,-4.2,-4.06,-4.31,-4.07,-4.92,-4.16,-4.25,-4.18,-5.36,-5.15,-5.32,-3.81,-3.47,-3.27,-2.06,0.04,-0.44,-0.54,-0.33,-0.48,-0.96,-0.65,-2.95,-2.86,-0.84,-3.21,0.92,-2.22,-6.5,-3.44,0.96,-1.59,-0.92,-1.32,-2.41,-1.25,-0.74,-1.59,-1.74,-0.51,-4.1,-6.46,-6.4,-6.32,-6.45,-6.37,-6.09,-5.94,-5.92,-5.76,-5.38,-5.02,-4.78,-4.51,-3.91,-3.35,-2.68,-2.33,-1.73,-0.91,-0.96,-2.22,-1.89,-2.66,-2.43,-2.61,-1.56
-0.77,-0.34,-1.5,-2.86,-4.2,-4.97,-4.13,-5.76,-5.46,-4.48,-4.89,-3.52,-3.31,-4.26,-4.59,-4.16,-3.53,-3.45,-3.11,-3.36,-3.71,-4.27,-4.77,-4.99,-5.02,-3.32,-0.93,-1.17,-0.09,-0.63,0.16,0.0,-0.32,-0.4,-1.48,-1.4,-0.29,-2.12,-1.34,-2.27,-0.5,-5.79,-4.33,0.3,-0.69,-0.3,0.05,-1.62,-0.06,-0.06,-0.8,-3.87,-6.13,-6.96,-6.46,-6.16,-6.41,-6.28,-6.23,-6.16,-6.16,-6.04,-5.54,-4.99,-4.67,-4.53,-4.35,-3.97,-3.16,-2.18,-1.57,-1.36,-0.52,-1.17,-2.33,-2.5,-3.42,-2.69,-2.23,-1.33
-0.62,-0.08,-1.33,-2.43,-3.61,-4.23,-4.25,-5.56,-4.95,-3.95,-4.14,-3.57,-3.29,-3.73,-5.75,-3.81,-3.05,-2.51,-2.39,-2.53,-2.6,-4.88,-4.54,-2.48,-4.08,0.03,-1.33,-1.99,-1.0,-0.24,0.65,0.14,-0.14,-0.5,-0.66,-1.21,0.37,-2.6,-0.54,-1.59,-0.69,-1.17,-4.56,-0.69,-0.91,-0.29,0.35,-0.99,-2.26,-5.04,-7.1,-7.48,-7.17,-6.89,-6.32,-6.12,-6.06,-6.1,-6.22,-6.58,-6.16,-5.84,-5.2,-4.66,-4.35,-4.14,-4.07,-3.81,-2.77,-1.89,-1.26,-0.69,-0.9,-1.42,-2.01,-1.96,-2.56,-2.11,-1.13,-0.65
-0.23,0.26,-0.09,-1.82,-2.81,-2.99,-3.31,-4.19,-3.92,-3.43,-3.26,-2.64,-2.51,-2.43,-5.08,-4.92,-2.59,-1.68,-1.82,-1.81,-2.11,-3.54,-3.56,-1.34,-3.08,0.39,-2.65,-2.48,-2.34,-1.67,-0.21,0.41,0.64,-0.01,-0.01,-0.4,-0.62,-2.47,-1.08,-2.3,0.46,-2.96,-1.51,-7.6,-4.86,-4.82,-8.04,-8.39,-8.42,-7.56,-6.79,-6.75,-7.02,-7.93,-6.1,-5.83,-5.99,-5.81,-6.29,-7.27,-6.28,-5.61,-5.11,-4.69,-4.59,-4.42,-4.32,-3.43,-2.8,-2.27,-1.17,-0.52,-0.52,-1.17,-0.82,-1.85,-2.12,-2.42,-2.52,-0.33
-0.38,-0.4,-0.73,-0.51,-1.71,-2.44,-3.19,-2.87,-2.51,-1.95,-2.21,-2.4,-1.36,-0.87,-1.51,-1.91,-1.84,-1.43,-0.88,0.1,-0.47,-0.26,-1.57,-1.71,-2.88,-2.2,-2.45,-2.69,-2.36,-2.11,-0.65,-0.16,2.17,0.41,0.26,-0.86,-1.17,-1.95,-1.52,-1.37,-0.79,-1.68,-1.98,-3.17,-8.31,-8.31,-8.62,-9.2,-8.97,-8.98,-7.35,-5.02,-6.17,-3.77,-5.12,-6.05,-5.83,-5.99,-6.66,-7.56,-6.92,-5.66,-5.42,-5.39,-5.46,-5.13,-4.58,-4.08,-3.55,-2.17,-0.92,-0.28,-0.07,-1.01,-1.37,-2.84,-1.44,-1.16,-1.14,-0.81
1.42,0.27,0.5,-0.66,0.85,-0.18,-0.63,-2.84,-2.03,-1.09,-0.59,-1.12,-1.73,-1.08,-0.33,-0.2,-1.19,-0.64,-0.63,-0.12,0.02,-0.4,-2.34,-2.36,-2.45,-2.23,-2.48,-1.73,-1.21,-0.93,-1.1,0.39,0.34,0.36,-0.83,0.05,-0.07,-0.42,-1.0,-1.15,-0.2,-2.04,-3.43,-4.15,-6.34,-7.64,-6.82,-4.5,-2.51,0.45,-0.93,-3.41,-4.98,-6.09,-6.88,-6.42,-6.17,-6.31,-6.49,-7.25,-6.29,-5.87,-5.78,-5.82,-5.47,-5.87,-5.75,-4.6,-3.1,-1.56,-0.84,-0.46,-0.16,-0.65,-1.36,-2.84,-1.6,-2.62,-1.94,-1.04
0.98,0.61,1.64,-0.22,1.09,0.33,1.63,-0.94,-0.16,-0.69,1.22,-0.58,-1.2,-0.48,0.14,-0.49,0.13,-0.75,0.81,-0.62,-0.01,-1.22,-1.93,-2.29,-2.09,-2.19,-1.78,-0.91,-0.4,-0.6,-0.83,-0.46,0.23,0.33,-1.47,-0.94,-0.72,-1.33,-1.05,-1.96,-0.52,-2.06,-0.75,-2.64,0.54,0.82,0.2,0.58,-2.87,-2.92,-3.48,-3.67,-6.52,-7.05,-6.51,-6.54,-6.03,-5.79,-6.55,-6.38,-5.87,-5.95,-5.84,-5.63,-6.7,-6.16,-5.49,-4.15,-3.28,-2.38,-2.1,-1.83,-1.58,-1.43,-1.87,-2.64,-2.73,-2.34,-0.21,-1.51
0.14,0.53,0.85,0.65,1.35,2.28,1.91,0.29,-0.46,-0.02,1.13,-0.33,1.18,0.54,-0.99,-0.82,0.52,0.12,1.33,-0.45,-0.77,-1.93,-1.71,-2.63,-2.0,-1.36,-0.87,-0.2,0.2,-0.14,-0.91,-0.54,-0.02,0.3,-1.08,-0.37,0.03,-1.85,-2.16,-1.11,0.43,0.95,0.63,-1.38,0.15,1.11,-1.53,-3.45,-4.49,-4.46,-3.08,-5.23,-6.76,-6.51,-6.38,-5.81,-5.54,-5.61,-5.72,-6.12,-6.05,-5.34,-5.58,-6.65,-6.43,-5.62,-4.64,-4.87,-4.37,-3.76,-3.21,-2.57,-2.08,-2.08,-2.55,-2.39,-3.49,-2.99,0.76,-4.54
-0.93,-0.3,0.45,0.76,0.7,1.49,2.69,2.36,1.9,0.7,-0.57,-0.97,1.32,0.8,-0.06,1.34,0.46,1.09,0.08,0.09,-1.27,-1.7,-1.58,-2.0,-1.81,-0.86,0.01,0.11,0.31,-0.94,-1.62,-1.24,-0.01,0.42,-0.98,-1.51,0.74,-0.49,-3.03,-2.05,0.89,-0.09,-1.13,-3.12,-2.12,-0.03,-3.15,-4.89,-5.8,-4.5,-4.79,-6.38,-6.26,-6.02,-5.38,-5.13,-5.12,-5.07,-5.35,-5.85,-5.43,-5.57,-6.2,-5.84,-5.16,-4.77,-4.84,-5.26,-5.41,-4.93,-3.81,-2.81,-2.44,-2.37,-2.09,-2.09,-1.75,-3.88,-4.24,-6.95
0.65,0.27,0.66,0.92,0.35,1.23,2.37,3.34,2.12,2.08,-0.57,-0.48,1.32,0.11,-0.35,0.23,1.67,1.54,0.04,0.0,-0.33,-1.14,-1.71,-1.33,-1.31,-1.24,-0.61,-0.32,-0.57,-0.95,-1.56,-1.02,-1.62,-0.71,-0.63,-2.28,-0.71,-1.87,-1.94,-3.01,0.57,-1.54,-2.22,-3.34,-2.55,-3.74,-5.38,-6.37,-5.74,-4.52,-6.96,-6.35,-5.83,-4.66,-4.42,-5.07,-4.79,-4.56,-5.42,-5.53,-5.45,-5.15,-4.55,-4.26,-3.56,-3.85,-3.67,-4.54,-5.9,-5.44,-4.41,-3.89,-3.8,-3.35,-2.59,-1.34,-3.89,-6.8,-6.34,-6.68
2.2,2.98,4.05,3.42,3.91,2.29,1.6,2.44,1.21,0.11,-0.04,1.52,0.88,0.5,-0.16,-0.05,0.34,1.35,0.8,-0.97,0.01,-0.49,-0.65,0.23,-0.91,-1.2,-0.52,0.34,-0.56,-1.43,-1.92,-2.3,-2.84,-2.56,-1.67,-1.93,-0.07,-1.18,-1.71,-0.52,-0.92,-0.53,-2.87,-2.54,-6.32,-6.95,-5.76,-6.93,-5.57,-6.22,-6.75,-5.98,-4.94,-3.54,-4.08,-4.85,-4.6,-4.61,-4.99,-5.08,-4.96,-4.01,-2.9,-2.86,-2.04,-2.51,-2.91,-4.82,-5.68,-5.68,-5.45,-5.0,-4.59,-4.29,-3.53,-4.81,-6.86,-5.9,-5.6,-1.82
6.05,4.83,3.61,3.67,3.81,4.31,1.55,1.91,1.12,0.7,0.3,1.71,2.34,2.08,1.59,1.49,-0.11,0.55,0.55,0.63,1.05,0.49,0.9,0.75,0.12,-0.39,-1.05,-0.91,-1.95,-1.52,-1.71,-1.91,-2.61,-2.03,-2.63,-3.6,-0.27,-2.55,-3.8,-0.54,-2.47,-2.12,-3.21,-5.7,-7.21,-6.73,-5.69,-6.06,-5.22,-7.21,-5.71,-4.87,-4.46,-3.67,-3.67,-4.13,-4.11,-4.22,-4.5,-4.87,-4.09,-3.09,-2.56,-2.15,-1.56,-1.12,-2.92,-4.7,-5.64,-5.79,-6.13,-6.5,-6.18,-5.78,-5.73,-6.31,-5.85,-4.51,-2.44,-2.28
5.33,3.98,3.55,3.64,3.85,4.3,4.64,5.26,5.49,3.96,0.34,1.07,1.62,1.95,1.96,1.26,0.7,1.52,1.39,0.59,1.24,1.23,1.5,1.41,0.87,1.31,1.44,-1.57,-0.96,-0.97,-1.55,-1.68,-2.04,-1.69,-1.84,-3.44,-5.4,-4.58,-4.09,-3.34,-2.86,-1.92,-3.83,-6.25,-6.54,-5.76,-5.82,-4.73,-7.0,-6.07,-5.1,-4.67,-4.27,-3.68,-3.22,-2.95,-3.41,-3.24,-3.75,-3.85,-2.83,-2.39,-2.16,-1.98,-1.28,-1.02,-2.95,-4.66,-5.3,-5.28,-5.4,-5.84,-5.83,-6.08,-5.45,-5.04,-4.88,-4.34,-3.23,-5.85
4.45,3.13,2.97,3.41,3.86,4.04,4.22,4.13,4.1,4.66,1.29,1.55,1.26,1.35,1.25,0.84,1.26,1.14,0.92,0.94,1.17,1.51,1.46,1.4,0.92,1.31,1.1,0.94,-1.19,0.04,-1.25,-1.16,-2.63,-2.35,-2.46,-2.97,-5.36,-5.59,-5.9,-3.7,-2.9,-3.43,-3.24,-5.98,-4.91,-5.06,-5.24,-7.59,-6.53,-5.71,-5.06,-4.23,-3.97,-3.72,-2.7,-2.52,-2.22,-1.98,-2.33,-1.91,-2.48,-1.96,-1.56,-1.21,-0.94,-0.93,-2.38,-3.58,-4.68,-4.61,-4.39,-4.99,-4.44,-4.9,-4.18,-3.59,-3.68,-4.27,-5.01,-5.18
3.38,2.06,2.91,3.04,3.33,3.49,3.68,3.51,3.03,2.05,1.03,1.25,1.24,1.37,1.18,1.03,1.49,1.04,0.98,0.92,1.0,1.15,1.13,1.44,1.26,1.23,1.41,-0.91,-0.11,0.14,-0.99,-0.9,-2.17,-2.31,-2.16,-2.03,-2.41,-3.48,-3.59,-3.84,-4.48,-4.3,-5.23,-5.63,-4.39,-5.93,-8.71,-7.23,-6.1,-5.2,-4.3,-3.87,-3.93,-3.87,-2.5,-2.0,-1.32,-0.88,-0.6,-0.27,-1.45,-1.56,-0.91,-0.26,-0.2,-0.85,-1.19,-2.02,-3.36,-4.01,-3.4,-3.91,-3.3,-3.15,-2.88,-2.57,-4.69,-4.51,-4.39,-4.54
3.13,2.85,3.16,2.91,3.73,2.41,2.01,2.96,2.82,1.78,0.69,1.27,1.29,1.38,1.18,1.19,1.43,1.13,0.88,0.93,0.86,0.96,1.0,1.37,1.51,0.99,-0.99,0.24,-0.09,-0.66,-0.65,0.02,-0.89,-1.12,-1.44,-2.0,0.21,-0.05,-1.14,-4.53,-4.61,-5.74,-5.4,-4.89,-7.63,-9.28,-7.93,-6.59,-5.41,-4.62,-3.87,-3.56,-3.55,-3.37,-2.44,-1.44,-0.74,0.02,0.7,1.02,0.75,0.16,0.05,0.66,0.86,0.94,-0.15,-2.35,-2.53,-2.44,-2.64,-2.58,-2.22,-1.95,-1.2,-0.82,-3.65,-3.88,-3.59,-4.24
2.55,3.06,3.11,3.28,3.56,1.81,2.07,2.68,1.74,2.56,0.98,1.16,1.59,1.19,0.84,1.45,1.55,1.04,0.83,0.06,1.08,1.08,1.1,1.72,1.2,0.8,0.41,0.09,-0.15,-0.81,0.53,0.02,0.18,-2.26,-2.1,-3.84,-0.41,-0.72,1.73,-2.74,-3.97,-4.22,-4.44,-7.84,-8.99,-8.29,-7.25,-5.86,-4.72,-4.06,-3.43,-3.11,-2.95,-2.62,-1.77,-1.04,-0.29,0.77,1.87,2.33,2.29,2.3,2.43,1.91,1.17,1.6,0.26,-1.4,-1.34,-0.93,-0.98,-0.93,-1.58,-0.92,-0.82,-1.11,-1.79,-2.87,-3.71,-3.54
1.93,2.6,2.81,3.18,3.08,1.83,2.51,2.85,1.91,1.3,1.38,1.06,1.36,0.81,1.0,1.62,1.56,1.01,0.24,0.24,1.53,1.2,1.12,1.32,1.4,0.91,-0.17,0.31,-1.37,-1.38,-0.19,0.21,0.6,-1.5,-3.52,-1.65,-0.13,-0.79,0.06,-0.74,-2.97,-3.83,-7.16,-8.78,-7.98,-7.43,-6.6,-5.42,-4.12,-3.41,-2.98,-2.52,-2.29,-2.02,-1.41,-0.74,0.14,0.89,2.23,2.26,3.14,3.64,4.08,2.92,0.77,0.91,1.03,0.63,0.03,0.21,0.72,1.79,0.13,-0.17,0.08,0.27,-1.25,-2.53,-3.02,-3.16
1.58,2.63,2.16,2.75,2.67,2.32,2.23,3.12,2.36,1.76,0.14,1.2,0.75,0.87,1.02,1.36,1.81,0.5,1.26,1.19,0.92,1.33,-0.05,0.7,1.23,-0.26,0.18,-0.61,-1.6,-1.18,0.63,0.27,0.05,-2.23,-2.07,-2.02,-0.34,-0.98,-0.66,-1.07,-2.08,-4.9,-8.55,-7.65,-6.94,-6.69,-5.81,-4.53,-3.32,-2.7,-2.31,-2.19,-1.7,-1.0,-0.57,-0.24,-0.11,0.65,1.44,1.69,3.19,3.7,4.0,4.32,-0.51,1.41,2.11,2.16,1.87,1.23,2.01,3.19,3.12,1.91,2.32,2.16,0.76,-1.51,-1.87,-2.19
1.33,2.12,1.64,2.12,2.38,2.25,2.03,2.14,1.95,1.74,0.9,0.81,0.16,1.0,1.28,1.37,1.64,1.27,0.92,1.3,1.26,1.02,-0.72,0.11,0.58,0.32,-0.05,-0.25,-2.4,-0.15,0.57,-0.42,-0.9,-0.33,-1.59,-2.35,-0.31,0.17,-0.48,-0.67,-2.72,-7.71,-7.62,-6.73,-6.02,-5.46,-4.63,-3.39,-2.41,-1.86,-1.38,-0.94,-0.71,-0.29,-0.13,0.36,0.28,0.8,0.69,1.33,2.68,3.3,3.36,2.87,1.98,2.39,3.16,2.78,2.91,2.5,2.98,3.33,3.5,4.16,4.1,2.93,2.27,1.22,-0.58,-1.06
0.43,1.09,1.02,1.38,1.82,1.48,1.61,1.43,1.15,1.57,2.41,1.79,0.97,1.41,1.32,1.45,1.16,1.54,1.21,1.05,0.97,1.15,-0.21,-0.22,0.25,-0.05,-0.31,-0.33,-1.36,-1.19,0.0,-1.46,-1.19,-0.89,0.04,-1.66,-0.5,-1.35,-1.49,0.07,-4.52,-7.04,-6.78,-5.87,-4.96,-4.23,-3.37,-2.04,-1.27,-0.41,-0.55,-0.2,0.13,1.04,0.52,1.08,0.97,0.92,0.75,1.11,2.41,2.94,3.72,3.58,2.64,2.87,3.5,2.84,2.99,3.27,3.11,3.22,3.99,4.58,5.01,4.83,4.22,2.21,0.95,0.08
-0.51,-0.14,0.24,0.53,1.04,0.91,0.94,0.48,1.12,1.64,2.49,3.27,1.46,1.33,1.23,1.22,1.75,1.35,1.22,0.59,0.61,1.09,0.71,-0.62,0.28,-0.76,-0.26,-0.92,-1.06,-2.49,1.36,-1.29,-0.89,-1.28,-1.15,-1.6,-2.17,-1.55,-0.81,0.0,-4.81,-6.07,-5.76,-4.97,-3.89,-2.73,-1.88,-0.86,0.11,0.22,0.34,1.02,1.46,2.62,1.25,1.53,1.53,0.91,1.7,1.64,2.34,2.97,3.76,3.44,2.98,3.24,3.11,2.7,3.15,3.06,2.75,3.33,3.29,4.05,5.47,5.28,4.81,4.59,3.6,3.34
-1.19,-1.2,-0.68,-0.44,0.0,0.34,0.48,0.54,1.38,1.74,2.72,3.39,2.43,1.26,1.55,1.43,1.65,1.08,1.38,0.86,0.33,-0.11,-0.32,-0.36,0.05,-0.12,-0.76,-1.32,-1.7,-1.88,0.81,-0.28,-1.62,-0.98,-1.39,-0.31,-1.63,-1.3,-1.11,-2.66,-4.46,-5.02,-4.65,-3.75,-2.68,-1.35,-0.49,0.46,1.9,0.74,1.8,2.4,2.84,3.25,3.2,1.54,1.92,1.53,1.9,2.35,1.76,3.23,3.28,3.03,3.03,3.03,2.4,3.01,2.97,2.67,2.74,4.07,2.83,3.26,3.9,4.49,5.4,5.48,5.96,6.74
-2.08,-1.8,-1.44,-1.08,-0.61,-0.01,0.31,1.03,1.62,1.88,2.69,3.57,2.79,0.29,1.14,1.16,1.78,1.32,1.41,1.66,0.72,-0.7,-0.77,0.46,0.32,0.32,1.05,-1.23,-1.59,-1.68,3.86,0.09,-1.49,-0.17,-0.46,-0.2,-2.05,-0.44,-1.31,-1.01,-3.61,-4.04,-3.45,-2.33,-1.47,-0.12,0.45,1.47,2.92,3.44,3.07,3.66,4.08,4.15,3.38,2.94,2.66,2.08,1.77,2.33,1.83,3.11,2.44,2.71,2.88,3.06,2.84,3.09,1.97,2.15,2.34,3.31,3.61,2.2,1.94,2.45,3.62,3.93,4.0,5.56
-2.45,-2.47,-2.12,-1.3,-0.85,-0.37,0.31,1.09,1.54,1.55,2.09,3.46,3.42,1.21,0.54,0.54,1.72,0.9,0.94,1.61,1.31,-0.44,-0.52,0.78,0.58,1.05,0.77,-0.75,-0.77,-0.84,-0.3,0.63,-0.81,0.33,-0.16,-0.1,-0.7,-1.22,-1.68,-0.29,-2.98,-3.04,-2.38,-1.25,-0.3,0.34,0.73,2.74,3.8,4.84,5.05,5.11,5.79,5.51,4.51,4.14,3.51,1.68,1.74,2.48,2.01,3.04,2.73,2.56,2.32,1.54,1.04,0.55,0.63,1.27,1.35,1.88,2.17,1.65,1.7,2.34,3.1,3.64,4.26,2.7
-2.78,-2.8,-2.27,-1.83,-1.38,-0.83,-0.23,0.25,0.77,1.13,1.67,2.75,3.47,2.67,1.03,1.56,1.84,1.82,0.72,1.38,1.45,-0.07,0.16,1.07,0.51,1.32,-0.46,0.98,0.61,-1.57,-0.73,-1.29,0.52,-0.27,-0.81,-1.11,-0.61,-2.48,-1.54,-0.18,-2.6,-2.17,-1.57,-0.5,-0.16,0.17,0.94,2.48,3.3,4.11,4.1,4.87,5.92,5.61,5.47,4.75,2.86,1.21,1.7,2.0,1.38,2.13,1.91,2.04,0.37,-1.11,-1.32,-0.75,-0.01,0.46,-0.47,0.59,1.2,1.48,1.85,2.2,2.61,2.89,2.62,-1.44
-3.08,-2.76,-2.33,-1.94,-1.61,-1.36,-1.01,-0.43,0.13,0.93,1.37,1.97,2.79,2.7,1.6,1.26,1.53,2.38,1.66,1.01,1.58,0.31,0.84,0.61,0.17,-0.78,1.09,0.12,0.87,-1.09,-0.02,0.27,-0.05,0.79,1.72,-1.2,-2.25,-1.66,-1.41,-0.85,-0.94,-1.47,-1.34,-0.8,-0.26,-0.26,0.2,2.06,1.7,0.0,0.97,0.81,-0.18,-1.15,0.15,1.36,1.55,0.66,1.31,-0.62,-0.51,0.3,0.49,0.39,-0.1,-0.81,-1.24,-0.78,-0.55,-1.72,-1.3,-0.15,0.46,0.07,0.83,1.73,1.85,1.19,-1.11,-3.95
-3.28,-2.76,-2.31,-2.12,-2.5,-2.03,-1.3,-0.38,0.34,1.12,1.61,1.68,2.32,2.36,1.16,1.51,1.4,1.46,1.29,1.39,1.83,0.17,1.1,1.28,1.25,0.13,1.09,0.4,0.42,0.35,1.1,0.26,0.84,-0.65,0.5,-0.12,-0.45,-1.29,-1.05,-1.17,0.49,-1.09,-1.16,-1.04,-0.46,-0.84,0.34,1.65,-1.72,-3.45,-1.97,-3.34,-3.59,-3.63,-4.92,-3.35,-1.46,-0.28,-1.68,-2.31,-0.65,-1.02,-1.35,-1.05,-1.24,-2.76,-2.4,-2.35,-2.26,-2.05,-1.13,-0.4,-0.96,-0.76,1.14,1.19,-1.58,-2.36,-3.91,-4.11
-3.42,-2.94,-2.62,-2.5,-2.7,-2.09,-1.3,-0.37,0.71,1.44,1.66,1.44,2.16,3.19,0.87,1.26,0.86,1.51,0.75,1.39,0.62,-1.19,1.22,1.32,0.76,-0.59,0.47,1.06,0.78,0.97,0.68,1.37,0.2,-1.44,0.51,-1.09,-0.89,-1.27,-1.37,-0.58,-0.04,-0.74,-0.79,-0.46,-0.16,-0.57,0.29,0.21,-1.76,-2.65,-3.99,-4.92,-5.65,-5.76,-7.31,-6.52,-5.31,-4.2,-3.43,-2.12,-2.21,-2.95,-2.98,-3.25,-3.04,-3.92,-3.56,-2.09,-2.13,-1.74,-1.89,-2.99,-2.26,-0.44,-0.73,-3.42,-4.32,-5.03,-4.86,-4.46
-3.62,-3.13,-2.96,-2.84,-2.72,-2.03,-1.23,-0.43,0.82,1.35,1.37,1.34,2.42,1.95,0.86,0.41,0.93,1.44,0.81,0.77,-0.94,-0.87,0.5,1.11,1.31,0.25,0.64,1.21,1.13,0.76,0.23,1.12,-2.37,-1.32,-0.06,-0.77,-0.09,-0.32,-1.16,-0.45,-0.04,-0.13,-0.64,-0.66,-0.55,-0.1,0.28,-0.06,-1.02,-1.64,-1.24,-4.72,-6.27,-6.79,-8.05,-7.91,-6.84,-5.97,-5.31,-5.07,-5.03,-4.88,-4.12,-3.15,-3.01,-3.02,-2.49,-1.96,-2.41,-3.0,-3.06,-3.17,-1.64,-1.62,-3.16,-4.68,-5.94,-5.47,-5.75,-5.79
-3.84,-3.47,-3.11,-2.82,-2.75,-2.19,-1.33,-0.48,0.69,1.07,1.15,1.28,1.65,0.83,0.46,0.61,0.7,0.84,0.43,-0.33,-0.4,0.04,0.54,0.57,0.49,0.73,0.75,0.82,1.15,0.2,0.73,-1.87,-1.24,-1.19,-0.88,1.54,-0.55,-0.43,-0.57,-0.37,-0.19,0.21,-0.45,-1.14,-0.9,-0.07,0.44,1.39,0.65,-1.17,1.23,-3.85,-6.18,-7.72,-7.47,-7.97,-7.3,-7.1,-6.65,-5.95,-5.35,-4.87,-4.25,-3.54,-3.01,-3.17,-3.34,-3.76,-3.36,-4.18,-3.7,-2.84,-3.4,-3.56,-4.66,-5.32,-6.23,-5.86,-5.73,-5.26
-3.85,-3.74,-3.27,-2.87,-2.78,-2.37,-1.32,-0.41,0.5,1.0,1.01,1.16,2.17,0.98,0.04,0.79,0.6,0.77,0.8,0.24,-0.57,0.01,-0.71,-0.29,0.37,0.31,0.16,-0.28,-0.94,0.22,-0.97,-1.4,-0.76,-0.64,-0.64,0.76,0.24,-0.63,0.42,0.29,-0.25,-0.04,-0.41,-1.3,-1.09,-0.39,1.48,0.59,-0.94,-1.5,1.05,-2.57,-6.53,-7.9,-7.23,-7.03,-7.08,-6.72,-6.05,-5.35,-5.03,-4.62,-4.52,-4.6,-3.94,-3.9,-3.88,-4.28,-4.12,-4.52,-3.63,-3.74,-5.3,-5.29,-5.72,-5.73,-5.34,-4.97,-4.91,-4.59
-4.14,-3.97,-3.61,-3.22,-2.85,-2.33,-1.38,-0.45,-0.08,0.52,0.25,0.59,3.06,1.67,1.19,1.2,0.47,1.26,0.8,0.48,0.27,-2.32,-1.96,-0.67,-1.39,-0.89,-0.76,-1.51,-2.11,-0.42,-1.26,-2.87,-2.18,-1.23,-1.11,-0.63,0.04,0.68,0.18,-0.52,-0.2,-0.56,-0.7,-1.25,-1.4,-0.62,0.82,-0.93,-2.83,-1.73,2.37,-3.16,-6.3,-5.8,-6.59,-6.03,-5.91,-5.82,-5.5,-4.86,-4.34,-3.94,-4.1,-4.57,-4.81,-4.38,-3.37,-3.26,-3.37,-3.61,-3.67,-4.84,-5.78,-4.94,-4.41,-4.37,-4.49,-4.13,-3.92,-3.62
-4.75,-4.54,-4.01,-3.78,-3.25,-2.48,-1.48,-0.65,-0.72,-0.54,-0.8,-0.47,2.0,1.07,0.35,-0.15,0.76,0.75,-1.59,-0.08,0.04,-1.14,-1.62,-1.26,-2.17,-1.64,-2.72,-1.78,-2.18,-1.08,-0.88,-1.42,-0.57,-0.81,-0.77,-0.44,-0.54,-0.7,-1.06,-1.46,-0.72,-0.78,-1.08,-1.58,-1.95,-0.35,-0.28,-2.84,-2.33,-0.96,1.19,-5.55,-5.56,-5.55,-6.17,-5.57,-4.99,-5.07,-4.81,-4.54,-4.18,-3.96,-3.8,-4.24,-4.61,-4.64,-4.71,-3.93,-3.42,-3.7,-3.78,-5.04,-5.7,-4.06,-4.03,-4.42,-3.7,-3.54,-3.16,-2.71
