public/data/weather/current/current-wind-surface-level-gfs-1.0.json
{"header": {"discipline":0,"disciplineName":"Meteorological products","gribEdition":2,"gribLength":131858,"center":7,"centerName":"US National Weather Service - NCEP(WMC)","subcenter":0,"refTime":"2014-01-31T00:00:00.000Z","significanceOfRT":1,"significanceOfRTName":"Start of forecast","productStatus":0,"productStatusName":"Operational products","productType":1,"productTypeName":"Forecast products","productDefinitionTemplate":0,"productDefinitionTemplateName":"Analysis/forecast at horizontal level/layer at a point in time","parameterCategory":2,"parameterCategoryName":"Momentum","parameterNumber":2,"parameterNumberName":"U-component_of_wind","parameterUnit":"m.s-1","genProcessType":2,"genProcessTypeName":"Forecast","forecastTime":3,"surface1Type":103,"surface1TypeName":"Specified height level above ground","surface1Value":10,"surface2Type":255,"surface2TypeName":"Missing","surface2Value":0,"gridDefinitionTemplate":0,"gridDefinitionTemplateName":"Latitude_Longitude","numberPoints":65160,"shape":6,"shapeName":"Earth spherical with radius of 6,371,229.0 m","gridUnits":"degrees","resolution":48,"winds":"true","scanMode":0,"nx":360,"ny":181,"basicAngle":0,"subDivisions":0,"lo1":0,"la1":90,"lo2":359,"la2":-90,"dx":1,"dy":1}, "data":
[rows 108 to 143 of 181, columns 160 to 239 of 360]
-4.58,-3.21,-2.27,-3.06,-4.4,-3.76,-2.33,-1.89,-0.8,-1.09,-1.23,1.13,2.13,2.89,3.67,4.59,5.15,5.3,4.29,5.32,7.35,7.51,8.09,6.97,10.41,4.63,2.27,0.88,0.72,-0.08,-1.07,-1.51,-1.77,-1.8,-3.26,-3.51,-3.93,-4.66,-3.98,-4.33,-5.62,-4.91,-4.47,-4.35,-3.5,-2.94,-4.69,-5.21,-5.38,-5.17,-5.72,-5.95,-6.68,-7.03,-7.59,-7.58,-7.45,-6.88,-6.72,-6.37,-6.28,-6.46,-6.09,-6.3,-6.4,-5.88,-5.34,-5.35,-5.68,-5.7,-5.21,-4.96,-4.32,-4.24,-4.36,-3.65,-3.19,-2.58,-0.87,-0.14
-5.78,-5.09,-4.06,-2.2,-4.07,-3.8,-3.46,-2.8,-3.09,-0.99,-0.03,0.57,1.84,2.75,3.54,4.07,4.42,5.02,6.01,7.19,6.71,6.65,6.9,6.51,10.24,3.46,1.27,0.79,-0.29,-0.6,-1.66,-1.71,-1.23,-2.07,-3.85,-3.87,-4.32,-4.4,-4.5,-5.07,-5.7,-5.1,-4.98,-4.82,-4.23,-3.03,-2.99,-3.92,-4.45,-4.44,-4.44,-5.4,-5.69,-6.02,-6.55,-6.77,-6.59,-6.48,-6.32,-5.94,-6.01,-5.75,-5.82,-6.21,-5.8,-5.14,-4.71,-5.58,-6.36,-5.8,-5.28,-4.93,-4.68,-4.38,-3.89,-2.81,-2.09,-1.43,-0.93,-0.3
-6.14,-6.3,-6.22,-4.19,-0.82,-4.36,-3.21,-3.17,-2.84,-2.57,-0.11,0.52,1.06,2.24,3.19,4.07,4.6,4.51,4.86,5.9,6.15,6.15,5.87,4.76,8.22,1.32,1.29,1.52,-0.51,-1.05,-1.4,-2.01,-0.82,-2.58,-3.95,-3.62,-4.42,-4.87,-5.83,-6.26,-6.48,-6.52,-5.97,-5.34,-4.79,-4.06,-2.8,-1.8,-2.88,-3.12,-3.19,-4.03,-4.46,-4.97,-5.23,-5.6,-5.94,-5.73,-5.9,-5.58,-4.85,-5.24,-5.37,-5.57,-5.25,-4.58,-4.24,-5.44,-5.64,-5.3,-4.75,-4.4,-4.23,-3.66,-2.88,-2.32,-1.56,-0.62,0.43,1.32
-6.35,-6.22,-6.1,-5.87,-2.82,-0.62,-3.72,-2.78,-2.5,-1.58,-0.75,-0.34,0.14,1.09,2.45,3.4,4.57,4.87,5.5,5.45,5.61,5.69,5.64,4.27,3.38,2.05,2.18,1.98,0.88,-1.42,-0.67,-2.32,-1.25,-2.6,-3.37,-3.37,-4.03,-5.01,-5.9,-5.73,-5.61,-5.33,-4.85,-4.3,-4.36,-4.29,-3.95,-2.11,-1.25,-1.72,-1.78,-2.9,-3.27,-3.89,-4.17,-4.14,-4.64,-4.64,-4.74,-4.81,-4.43,-4.8,-4.84,-4.55,-4.33,-4.07,-3.74,-4.47,-5.47,-4.8,-4.84,-4.61,-4.68,-4.59,-4.08,-2.92,-1.71,-1.11,-1.09,-0.32
-7.21,-7.1,-6.27,-5,-4.87,-5.01,-1.69,-2.71,-2.02,-1.4,-1.34,-1.11,-0.27,0.86,1.66,2.53,3.22,4.29,5.2,5.28,5.49,5.67,6.17,4.95,3.48,5.4,6.13,3.55,1.53,-1.2,-1.2,-2.1,-1.98,-2.33,-2.48,-2.63,-3.76,-4.34,-4.33,-4.38,-4.49,-4.04,-3.74,-3.5,-3.98,-4.14,-4,-3.04,-0.84,-1.99,-1.66,-1.66,-2.25,-2.85,-3,-2.63,-2.84,-3.3,-3.49,-3.49,-3.49,-3.25,-3.78,-3.74,-3.14,-3.15,-3.19,-4.54,-5.09,-4.71,-5.16,-4.39,-4.16,-4.16,-4.06,-3.97,-3.7,-4.14,-4.18,-2.9
-7.33,-7.07,-6.28,-5.93,-5.32,-4.39,-3.77,-2.66,-1.87,-1.49,-1.47,-0.95,-0.14,0.81,1.8,2.75,3.5,3.92,4.28,4.69,5.59,6.07,6.61,6.34,5.28,6.27,6.49,6.68,2.12,-0.6,-1.29,-1.87,-2.11,-1.95,-1.52,-2.66,-3.31,-3.54,-3.76,-3.93,-4.17,-3.79,-3.31,-3.21,-3.8,-4.31,-4.38,-4.48,-3.26,-2.12,-1.53,-0.29,-1.41,-1.76,-1.39,-1.36,-1.37,-2.72,-3.09,-2.6,-2.26,-2.82,-3.19,-3.03,-2.61,-2.58,-2.92,-3.59,-4.71,-4.26,-4.47,-4.16,-4.1,-4.25,-4.06,-4.51,-5.83,-5.67,-5.65,-5.37
-6.86,-6.81,-6.55,-5.99,-5.04,-4.4,-3.95,-3.22,-2.49,-1.93,-1.37,-0.71,-0.18,0.6,1.71,2.41,3.32,3.63,3.4,4.19,5.72,7.58,8.08,7.95,7.1,6.3,6.65,6.81,3.11,-0.03,-1.39,-1.53,-1.97,-1.46,-1.36,-2.95,-2.98,-3.41,-3.15,-3.28,-3.54,-3.36,-3.25,-3.32,-3.47,-3.6,-3.71,-4.15,-4.65,-4.61,-3.08,-0.9,-0.25,-0.39,-0.17,-0.57,-1.16,-1.86,-1.94,-1.56,-1.11,-1.45,-2.21,-2.5,-2.09,-1.93,-2.65,-2.77,-4.23,-3.77,-3.62,-3.81,-4.26,-4.5,-4.33,-4.2,-4.99,-5.37,-5.5,-5.61
-6.61,-6.53,-6.23,-5.31,-4.26,-4.3,-4.43,-3.86,-3.25,-2.44,-1.7,-0.93,-0.21,0.45,1.74,2.34,2.42,3.72,4.09,4.77,6.42,7.91,8.82,9.33,9.01,7.38,6.73,6.4,3.25,0.15,-1.66,-1.59,-1.63,-1.33,-1.64,-2.94,-2.49,-2.62,-2.52,-2.7,-3.07,-3.23,-3.43,-3.34,-3.36,-3.48,-3.63,-3.42,-3.52,-4.57,-5.09,-4.95,-3.5,-0.14,0.98,-0.05,0.39,-0.49,-1.27,-1.09,-0.69,0.23,0.26,0.19,-0.62,-0.85,-2.2,-2.07,-3.34,-3.46,-3.03,-3.21,-4.37,-4.24,-4.46,-4.47,-4.71,-4.91,-5.05,-5.7
-6.52,-6.48,-5.85,-4.48,-4.03,-4.38,-4.18,-3.56,-3.04,-2.25,-1.72,-1.21,-0.16,0.32,1.22,1.32,1.47,2.69,4.22,5.95,7.76,9.14,9,9.3,9.67,9.04,6.98,6.13,3.56,0.25,-1.25,-1.74,-1.5,-1.55,-2,-2.76,-1.95,-1.62,-1.78,-1.97,-2.55,-2.95,-3.23,-3.11,-2.8,-2.5,-2.35,-2.32,-2.22,-2.99,-3.53,-4.04,-5.18,-6.13,-5.91,-5.76,-5.23,-4.44,-3.6,-2.76,-2.14,-0.73,1.38,2.95,1.78,0.73,-0.99,-1.32,-2.53,-3.34,-3.07,-3.42,-4.25,-3.95,-4.83,-4.67,-4.74,-5.25,-4.56,-5.3
-6.29,-6.21,-5.07,-4.39,-4.29,-3.74,-2.95,-2.29,-2.22,-1.69,-1.28,-1.18,-0.06,0.23,1.07,1.21,1.97,3.24,4.92,8.04,10.13,11.88,13.24,12.86,11.45,10.01,7.53,5.92,4.58,-0.96,-1.35,-1.61,-1.63,-1.84,-2,-1.91,-1.55,-0.87,-1.04,-1.22,-1.37,-1.61,-1.82,-1.85,-1.61,-0.95,-0.38,-0.01,-0.34,-1.81,-2.48,-2.05,-1.82,-2.06,-2.52,-2.74,-2.48,-2.27,-1.7,-1.21,-1.1,-0.85,-0.73,-0.03,1.74,2.49,0.48,-0.05,-2.23,-3.28,-3.2,-3.26,-3.28,-3.93,-5,-5.84,-5.45,-5.18,-4.83,-4.51
-6.05,-5.68,-4.85,-4.37,-4.1,-3.44,-2.5,-1.89,-2.32,-1.69,-1,-1.02,-0.34,0.3,1.67,1.72,2.7,4.34,6.04,10.23,14.11,17.56,20.45,17.78,13.65,9.8,7.44,5.73,5.08,1.61,-0.39,-1.44,-2.41,-1.77,-1.56,-1.35,-0.59,-0.04,0.03,-0.09,0.2,0.26,0.05,0.15,0.18,0.43,0.85,0.92,1.21,0.56,-0.29,0.05,0.74,0.92,0.69,0.34,-0.02,-0.12,0,0.26,0.71,1,0.28,-0.78,-0.22,1.19,1.59,0.52,-1.93,-2.7,-3.27,-3.06,-3.24,-4.35,-4.91,-5.22,-5.05,-5.07,-5.77,-5.5
-5.56,-4.97,-4.14,-3.69,-3.49,-3.07,-2.74,-2.79,-2.92,-2.01,-1.09,-1.13,-0.89,0.72,1.43,1.47,2.51,3.37,6.02,10.64,14.03,18.88,18.33,16.22,11.03,6.87,5.93,4.31,4.56,2.13,-1.05,-1.78,-1.27,-1.78,-1.29,-0.63,0.13,0.3,1.26,1.19,1.3,1.82,2.03,2.1,2.4,2.66,2.77,2.93,2.84,2.54,2.34,2.5,2.82,2.72,2.26,1.74,0.97,0.42,0.14,-0.46,-0.41,0.46,0.94,0.98,-0.2,-1.13,-1.03,1.07,-0.77,-1.84,-2.93,-3.91,-5.04,-5.6,-5.65,-5.87,-6.07,-6.13,-6.59,-6.85
-4.3,-3.66,-3.26,-2.86,-2.78,-3.2,-3.38,-3.42,-2.93,-1.81,-1.38,-1.6,-1.45,0.02,-0.05,0.23,1.21,1.94,4.62,7.23,10.33,11.24,10.63,5.13,2.01,1.55,1.94,2.75,3.55,0.39,-1.09,-2.02,-0.84,-1.76,-0.81,0.17,0.55,0.52,1.97,2.18,2.41,2.87,3.44,4.08,4.87,4.77,4.33,4.71,5.11,5.23,5.12,4.62,4.38,3.98,3.12,2.28,1.52,1.2,1.03,0.73,0.61,0.27,0.48,1.02,0.5,-1.03,-1.67,-0.1,1.04,-1.59,-2.36,-4.15,-5.5,-5.52,-4.81,-4.85,-5.82,-6.47,-6.91,-7.13
-2.99,-2.83,-2.95,-2.86,-3.12,-3.24,-2.67,-2.09,-1.32,-1.11,-1.74,-2.01,-1.89,-1.81,-1.85,-1.42,-0.88,0.15,1.54,3.74,2.91,0.48,-0.51,-6.26,-6.4,-4.41,-1.16,1.14,0.79,-2.01,-1.39,-1.91,-2.22,-1.41,0.2,1.65,1.42,1.26,2.14,2.87,3.02,3.92,5.13,6.07,6.87,6.96,6.55,6.61,6.76,6.65,6.36,5.43,4.77,4.47,3.96,3.08,2.7,2.47,1.97,1.56,1.53,1.35,1.25,1.31,1.43,1.09,0.19,-0.35,1.71,-1.3,-1.81,-3.07,-4.52,-4.56,-4.5,-4.91,-6,-6.57,-7.05,-6.62
-2.39,-2.63,-2.82,-2.82,-2.73,-1.72,-0.57,-0.11,0.13,-0.48,-1.69,-2.25,-2.84,-3.85,-3.97,-3.09,-2.66,-2.01,-1.22,-0.44,-4,-7.46,-10,-12.74,-9.95,-7,-3.46,-0.86,-3.11,-3.9,-1.9,-1.32,-1.39,-0.58,0.98,3.6,3.89,2.29,2.57,2.26,3.1,4.69,6.01,6.95,7.6,8,8,7.95,8.04,8.29,7.44,6.53,5.55,4.94,4.73,3.89,3.2,3.16,2.51,1.45,1.09,1.22,1.38,1.5,1.49,2.26,2.42,0.75,1.85,-0.38,-2.11,-2.68,-3.92,-4.4,-4.86,-5.83,-6.28,-5.84,-5.34,-4.91
-0.9,-0.8,-0.4,0.01,0.77,1.98,1.89,1.47,1.6,0.42,-1.88,-2.76,-4.22,-5.98,-5.88,-5.13,-4.57,-3.61,-4.59,-3.8,-7.25,-12.07,-15.11,-10.52,-9.53,-7.22,-3.82,-3.82,-8.68,-6.48,-1.85,-0.28,-3.08,-3.3,-1.29,0.97,5.15,4.74,1.48,0.12,3.93,5.93,6.86,7.61,8.49,9.21,9.48,9.1,8.63,8.69,8.48,7.67,6.76,5.72,4.74,4.18,3.66,3.66,2.85,2.19,2.17,1.85,1.49,1.83,1.83,1.93,2.67,1.6,0.8,0.28,-2.45,-2.94,-3.7,-4.05,-4.65,-5.88,-6.01,-5.28,-5.61,-6.03
1.83,2.82,3.16,3.56,2.71,1.59,1.16,1.35,1.89,0.68,-2.47,-2.69,-2.13,-6.06,-7.07,-6.56,-6.29,-5.51,-6.53,-7.55,-9.22,-13.92,-16.95,-18.55,-15.46,-10.32,-9.95,-14.75,-14.72,-13.24,-13.08,-12.36,-11.81,-10.62,-9.24,-8.03,-8.09,-7.77,-6.35,-2.38,0.98,2.74,4.67,5.79,6.08,6.75,7.46,8.8,9.89,9.91,9.51,8.22,7.33,5.98,5.59,5.59,4.57,4.38,4,3.56,3.94,3.83,2.79,2.5,2.64,2.71,2.61,2.34,0.68,1.22,-1.8,-4.03,-3.94,-4.14,-5.61,-6.6,-5.89,-6.44,-6.87,-6.78
3.12,3.73,4.7,2.32,-0.24,0.21,0.73,0.63,1.47,-1.42,-2.98,-2.68,-0.93,0.72,-6.38,-5.69,-6.87,-7.33,-7.83,-9.39,-10.8,-13.74,-16.44,-18.53,-19.69,-20.17,-22.42,-21.17,-19.12,-17.54,-15.81,-14.35,-13.34,-11.21,-9.76,-7.45,-4.9,-4.03,-1.77,1.57,4.02,5.63,6.9,7.82,8.44,8.9,9.08,8.67,8.38,9.49,10.83,9.71,7.31,6.56,5.95,6.84,5.54,4.64,4.24,3.81,4.22,4.79,4.55,3.65,3.41,3.68,3.44,3.63,1.94,2.14,-1.03,-5.58,-4.91,-5.98,-6.74,-5.74,-5.84,-6.44,-6.54,-6.39
3.48,3.86,0.51,-1.3,-1.14,-0.97,0.01,0.14,-0.92,-3.15,-2.83,-2.8,-2.4,-2.24,-3.21,-5.61,-5.26,-7.41,-8.59,-9.5,-11.07,-13.06,-15.19,-16.68,-17.96,-18.82,-20.16,-19.29,-17.54,-16.29,-14.3,-12.32,-10.97,-9.43,-7.98,-4.81,-2.13,-1.26,-0.01,2.03,3.91,5.27,6.05,6.58,7.03,7.47,8.06,8.67,9.46,9.64,9.36,10.42,9.36,6.51,6.5,7.38,6.43,4.69,3.87,4.27,5.4,5.31,5.1,4.56,4.07,3.63,2.88,3.17,1.99,2.56,-3.89,-6.27,-6.31,-6.82,-5.68,-5.45,-6.26,-6.72,-6.64,-6.47
1.18,-2.12,-1.76,-1.19,-1.93,-1.22,-0.58,-0.17,-2.03,-3.04,-3.14,-2.4,-1.42,-1.81,0.4,-2.52,-5.31,-4.19,-8.43,-9.35,-10.59,-12.35,-13.35,-14.65,-15.45,-16.34,-16.93,-15.99,-14.91,-14.06,-12.9,-11.25,-9.91,-8.32,-6.19,-4.31,-2.86,-1.79,-0.91,0.52,1.04,0.55,0.29,1.05,2.47,4.04,5.62,7.22,8.65,9.85,10.72,10.32,9.98,7.4,6.3,7.37,6.64,5.8,4.92,5.5,6.2,6.09,5.56,4.38,3.75,3.34,2.19,1.59,1.72,0.42,-6.02,-6.68,-6.78,-5.94,-5.7,-6.25,-6.89,-7.03,-7.1,-6.97
-1.5,-1.36,-1.04,-1.56,-1.57,-1.51,-1.07,-0.61,-2.09,-3.9,-4.19,-4.2,-2.46,0.76,5.4,0.46,-5.33,-5.48,-3.77,-7.28,-10.15,-11.39,-12.25,-12.8,-13.68,-14.16,-13.84,-13.45,-12.88,-12.52,-11.89,-11.05,-9.97,-8.53,-7.23,-5.96,-4.19,-2.4,-2.1,-2.81,-3.37,-2.74,-1.05,1.01,2.92,4.55,6.24,8.24,10.19,11.37,11.36,10.5,10.19,8.22,5.13,6.41,6.51,7.75,6.99,6.69,6.73,6.68,5.28,3.2,3.3,2.87,2.22,1.45,1.23,-4.25,-7.36,-7.48,-6.47,-5.68,-6.01,-6.36,-6.73,-7.22,-7.38,-7.12
-1.25,-1.09,-1.13,-0.99,-1.01,-1.11,-0.88,-0.79,-1.87,-4.44,-5.22,-6.18,-6.33,-3.43,1.62,-1.87,-5.58,-2.69,-4.58,-8.1,-9.37,-10.64,-11.45,-11.67,-11.63,-11.71,-11.51,-11.35,-11.49,-11.36,-11.09,-10.27,-9.43,-8.5,-7.65,-6.68,-5.71,-4.65,-3.98,-4.42,-4.99,-3.92,-2.38,-0.44,1.27,1.62,3.02,5.33,8.12,10.07,10.57,9.58,8.61,6.63,3.74,5.42,5.93,7.99,7.39,6.59,7.3,6.84,2.9,2.42,3.06,2.59,1.95,1.18,-2.88,-8.22,-8.9,-7.64,-6.06,-6.65,-6.6,-6.75,-7.38,-7.25,-7.15,-7.23
-1.39,-1.22,-1.1,-0.48,0,0.01,0.06,-0.04,-0.73,-2.72,-4.29,-5.91,-7.52,-8.9,-6.94,-5.67,-5.41,-4.37,-7.9,-9.42,-9.55,-9.87,-10.44,-10.67,-10.48,-10.27,-9.96,-9.82,-9.97,-9.99,-9.61,-8.82,-8.35,-7.74,-7.3,-6.88,-6.49,-7.18,-7.72,-6.83,-5.32,-3.6,-2.44,-0.93,0.74,1.41,1.7,2.6,4.26,6.06,6.51,5.87,5.6,4.17,1.92,2.44,4.82,6.35,5.58,6.84,7.66,2.06,1.13,2.79,2.75,2.04,1.39,-1.03,-7.33,-9.23,-7.96,-6.52,-6.99,-7.24,-6.54,-6.8,-7.16,-6.77,-6.89,-7.55
-2.04,-1.72,-1.21,-0.46,0.37,0.96,1.15,1.43,0.9,0.75,2.55,2.45,4.46,-4.3,-4.1,-2.33,-4.85,-5.89,-7.65,-8.93,-9.88,-9.88,-9.47,-9.65,-9.28,-9.02,-9.33,-9.07,-8.71,-8.78,-8.44,-7.97,-7.7,-7.4,-7.14,-6.94,-6.88,-6.87,-6.43,-5.98,-4.89,-3.47,-2.51,-2.15,-1.78,-0.66,0.18,-1.37,-3.63,-4.89,-3.07,1.71,2.03,-1.35,-2.81,-1.83,1.31,3.88,5.33,5.33,0.67,0.16,2.14,2.34,2.17,1.58,0.38,-3.79,-8.42,-7.61,-6.63,-7,-7.81,-7.2,-6.65,-6.79,-6.67,-6.72,-7.23,-7.19
-2.98,-2.22,-1.39,-0.54,0.58,1.53,1.97,2.43,2.13,1.09,2.04,4.95,2.25,-1.16,-4.69,-5.62,-5.34,-4.69,-5.26,-6.1,-6.98,-8.26,-8.93,-8.75,-8.39,-8.29,-7.99,-8.2,-7.97,-7.55,-7.06,-6.76,-6.54,-6.47,-6.38,-6.35,-6.05,-5.75,-5.45,-4.91,-4.29,-3.55,-2.9,-2.39,-2.17,-2.26,-1.78,-2.61,-5,-7.75,-10.35,-11.06,-9.67,-8.68,-6.11,-2.26,1.41,4.77,2.18,0.16,0.65,1.54,1.02,1.87,1.92,1.22,-1.65,-6.5,-8.26,-7.56,-7.28,-7.52,-7.45,-6.88,-7.11,-7.1,-7.16,-7.49,-7.04,-6.36
-2.47,-1.4,-0.22,0.51,1.21,1.96,2.31,2.06,0.06,-0.12,0.88,2.47,-1.54,-4.6,-5.86,-4.9,-4.7,-4.08,-3.53,-3.98,-4.45,-5.17,-6,-6.59,-6.78,-7.03,-7.28,-6.87,-6.31,-5.92,-5.3,-4.8,-4.61,-4.73,-4.87,-4.77,-4.66,-4.66,-4.63,-4.43,-4.21,-4.17,-3.93,-3.59,-2.7,-1.1,-0.72,-1.6,-3.28,-4.77,-5.68,-5.61,-4.46,-2.26,-0.98,0.06,1.73,0.41,-1.4,1.67,2.3,0.56,0.54,0.29,-0.15,-1.45,-5.64,-9.37,-8.51,-7.54,-7.87,-7.4,-6.88,-7.5,-7.79,-7.59,-7.68,-7.41,-6.6,-6.29
0.33,0.83,1.25,1.29,1.56,2.44,2.37,1.15,0.62,1.21,0.28,-3.41,-6.23,-5.31,-5.43,-4.63,-4.42,-3.87,-3.33,-3.36,-3.34,-3.58,-4.07,-3.67,-3.38,-3.58,-3.57,-3.59,-3.89,-3.9,-3.36,-2.82,-2.57,-2.52,-2.59,-2.83,-3.07,-3.46,-3.84,-3.9,-3.83,-3.39,-2.85,-2.64,-2.63,-2.1,-0.06,1.65,0.02,-1.68,-2.79,-3.09,-3.47,-3.36,-2.58,-1.73,-0.77,-1,0.65,2.64,1.02,-0.34,-0.39,-1.25,-3.59,-7.19,-9.89,-8.94,-7.63,-8.15,-7.39,-6.62,-6.62,-7.44,-7.48,-7.45,-7.19,-6.5,-5.64,-5.46
1.86,2.13,1.97,1.7,1.71,2.15,3.4,3.74,1.97,0.27,-1.26,-5.8,-5.34,-4.14,-3.23,-2.91,-2.77,-2.47,-2.4,-2.39,-2.51,-2.86,-3.04,-2.86,-1.98,-1.08,-1.37,-1.01,0.12,0.23,-0.08,0.06,0.25,0.01,-0.24,-0.42,-0.89,-1.41,-1.92,-2.3,-2.43,-2.27,-1.81,-1.46,-1.36,-1.75,-2.12,-1.42,0.61,1.06,-1.05,-1.62,-0.92,-1.13,-1.36,-1.24,-0.77,-0.42,1.06,0.75,-0.09,-0.44,-0.82,-2.92,-5.68,-8.16,-7.95,-7.65,-7.84,-7.29,-6.75,-6.09,-5.98,-6.44,-6.72,-6.6,-5.77,-4.78,-4.04,-3.73
2.84,2.3,2.06,1.91,1.77,1.26,-0.08,-0.03,-1.72,-1.04,-4.35,-4.65,-2.58,-2.6,-1.58,-0.72,0.3,0.61,0.51,0.28,0.04,-0.27,-0.71,-1.12,-1.39,-1.06,-0.92,-1.42,-1.78,-1.34,-0.21,1.1,2.79,4.09,3.92,2.77,2.29,2.16,1.6,0.86,0.07,-0.77,-0.9,-0.45,-0.33,-0.72,-1.44,-2.07,-1.98,1.21,3.81,2.74,1.52,1.28,1.27,1.31,0.59,-0.3,0.15,0.02,0.12,-0.15,-1.02,-3.1,-4.32,-5.56,-6.99,-6.98,-6.48,-6.27,-6.01,-5.36,-5.16,-5.18,-5.17,-5.09,-4.38,-3.39,-2.94,-2.5
3.39,2.87,2.49,2.44,2.32,2.34,1.56,1.17,-1.58,-5.06,-3.89,-1,-0.31,0.48,1.38,2.18,2.57,2.73,2.99,3.1,3,2.7,2.18,1.54,0.99,0.35,-0.18,-0.26,0.16,0.66,0.93,1.5,2.15,2.82,4.4,5.95,6.21,5.56,4.91,4.4,3.48,2.51,1.36,0.28,0.47,-0.28,-1.12,-0.9,-0.82,-1.03,1.02,3.72,3.68,2.92,2.31,0.87,0.2,0.07,0.37,1.08,1.5,0.49,-0.9,-1.9,-3.13,-4.19,-5.92,-5.26,-5.01,-5.25,-5.04,-4.29,-3.79,-3.57,-3.06,-2.92,-2.64,-2.29,-1.59,-0.66
5.22,5.13,4.83,4.46,4.21,4.13,4.01,3.74,3.28,2.74,3.1,3.53,4.13,4.84,5.33,5.64,5.91,5.85,5.44,5.09,4.8,4.71,4.48,3.98,3.42,2.79,2.08,1.38,1.02,1.04,1.25,1.59,2.04,2.9,3.71,4.41,6.15,7.75,7.42,6.47,5.52,4.83,3.56,1.35,1.13,1.06,0.43,0.63,0.93,0.57,0.9,2.38,3.63,3.19,2.44,0.89,-0.08,0.13,0.66,2.27,2.69,0.85,-0.45,-0.98,-2.12,-4.01,-4.8,-3.88,-3.99,-4.19,-3.82,-3.02,-2.25,-1.99,-1.41,-0.93,-0.67,-0.46,0.5,1.24
6.9,7.03,7.14,7,6.63,6.2,5.99,6.15,6.15,5.65,5.61,6.25,6.64,6.98,7.54,7.38,6.94,7,6.97,6.71,6.39,6.01,5.84,5.78,5.5,5.14,4.73,4.19,3.6,3.21,2.77,2.37,2.13,2.05,2.65,3.5,3.46,4.72,6.78,7.2,6.07,5.35,4.3,2.47,1.68,1.85,1.77,1.73,1.44,1.35,1.4,1.5,2.8,3.42,2.62,2.13,1.13,1.19,2.04,3.51,2.27,-0.18,0.07,-0.83,-2.27,-3.84,-3.32,-2.68,-3.39,-3.25,-2.04,-1.29,-0.69,-0.38,-0.07,0.45,0.79,1.13,1.85,2.46
7.72,7.91,8.15,8.34,8.41,7.97,7.31,7.14,7.68,8.03,7.61,7.34,7.38,7.41,7.92,7.86,7.16,6.87,6.92,6.79,6.81,6.95,7,6.96,6.85,6.79,6.72,6.56,6.04,5.45,5.06,4.39,3.58,3.05,2.93,2.83,3.01,3.08,3.89,5.86,6.26,5.44,4.61,3.48,1.95,2.33,2.71,2.45,1.23,0.72,1.84,2.6,3.46,3.75,2.53,2.6,2.36,2.27,2.78,3.23,0.39,-0.98,-0.2,-1.14,-2.32,-3.09,-2.53,-2.36,-2.46,-1.61,-0.61,0.03,0.74,0.95,1.17,1.83,2.49,2.87,2.98,3.1
8.87,8.98,9.03,9.18,9.51,9.41,8.66,7.8,7.77,8.43,8.8,8.63,8.67,8.53,8.2,8.32,8.38,8.03,7.84,7.79,7.49,7.38,7.62,7.83,7.9,7.71,7.56,7.73,7.85,7.53,7.04,6.76,6.01,4.94,4.17,3.61,2.85,2.38,2.49,3.76,5.87,5.83,4.26,3.38,2.27,2.65,2.76,2.41,1.46,1.23,1.59,2.25,3.51,4.59,2.84,2.17,2.96,2.55,2.34,2.39,-1.02,-1.89,-1.4,-1.65,-2.55,-2.97,-2.09,-1.79,-1.22,-0.29,0.25,1.17,2.29,2.46,2.75,3.64,4.44,4.73,4.94,5.1
8.85,9.32,9.64,9.85,9.97,10.13,10,9.62,9.5,9.86,10.39,10.44,9.93,9.76,9.7,9.79,9.79,9.25,8.65,8.52,8.28,8.03,8.07,8.25,8.44,8.43,8.1,7.96,8.21,8.49,8.42,8,7.58,7.06,6.25,5.4,4.57,3.69,3.03,2.75,3.98,5.95,4.65,2.97,2.94,2.59,2.67,2.5,2.12,1.42,1.18,1.74,2.68,3.87,3.09,1.34,2.03,1.83,1.36,0.95,-1.77,-2,-1.77,-2.1,-2.19,-2.7,-1.94,-0.65,0.54,1.36,1.9,2.61,3.73,4.33,4.54,5.28,6.15,6.52,6.64,6.98
8.45,8.81,8.84,8.96,9.04,9.22,9.38,9.81,10.19,10.44,10.84,11.24,10.92,10.29,10.04,10.3,10.21,9.83,9.54,9.45,9.47,9.32,9.05,8.92,8.89,8.65,7.89,7.27,7.27,7.62,8.15,8.59,8.48,8.12,7.57,6.8,6.1,5.42,4.89,4.2,3.78,4.77,5.71,3.24,3.5,3.61,3.28,3.02,2.85,2.5,1.68,1.76,2.43,3.22,3.04,1.34,0.65,0.44,-0.19,-0.62,-1.85,-2.67,-2.33,-2.16,-1.54,-1.11,-0.48,1.27,2.67,3.25,3.96,4.89,5.64,6.1,6.5,7.1,7.7,8.05,8.1,8.5
