public/data/weather/current/current-wind-surface-level-gfs-1.0.json
{"header": { "discipline":0, "disciplineName":"Meteorological products", "gribEdition":2, "gribLength":65541, "center":7, "centerName":"US National Weather Service - NCEP(WMC)", "subcenter":0, "refTime":"2014-01-24T00:00:00.000Z", "significanceOfRT":1, "significanceOfRTName":"Start of forecast", "productStatus":0, "productStatusName":"Operational products", "productType":1, "productTypeName":"Forecast products", "productDefinitionTemplate":0, "productDefinitionTemplateName":"Analysis/forecast at horizontal level/layer at a point in time", "parameterCategory":2, "parameterCategoryName":"Momentum", "parameterNumber":3, "parameterNumberName":"V-component_of_wind", "parameterUnit":"m.s-1", "genProcessType":2, "genProcessTypeName":"Forecast", "forecastTime":0, "surface1Type":103, "surface1TypeName":"Specified height level above ground", "surface1Value":10.0, "surface2Type":255, "surface2TypeName":"Missing", "surface2Value":0.0, "gridDefinitionTemplate":0, "gridDefinitionTemplateName":"Latitude_Longitude", "numberPoints":65160, "shape":6, "shapeName":"Earth spherical with radius of 6,371,229.0 m", "gridUnits":"degrees", "resolution":48, "winds":"true", "scanMode":0, "nx":360, "ny":181, "basicAngle":0, "subDivisions":0, "lo1":0.0, "la1":90.0, "lo2":359.0, "la2":-90.0, "dx":1.0, "dy":1.0 }, "data":
[rows 36 to 71 of 181, columns 81 to 161 of 360]
3.33,2.87,2.45,2.16,1.98,2.52,2.0,0.61,2.25,2.19,2.03,1.93,1.36,1.43,2.03,3.06,3.19,2.5,1.91,0.93,0.01,-0.94,-0.83,-0.47,-0.75,-0.15,1.02,-0.83,-2.6,0.59,0.31,-1.44,-1.09,-0.03,0.43,-0.23,-0.21,-1.29,-2.33,-2.46,-2.25,-1.51,-1.19,-1.84,-2.86,-3.61,-3.23,-2.11,-1.53,-0.6,-0.58,-0.07,0.23,0.34,-0.23,-1.42,-0.36,1.13,1.06,0.25,-0.1,-0.56,-0.66,-2.05,-2.9,-2.19,-0.54,1.54,1.72,0.75,-0.88,-1.93,-0.75,-3.14,-0.23,2.85,-0.27,-1.27,-2.72,-5.23,-7.11
3.26,3.37,2.29,1.14,0.87,0.38,0.39,0.31,0.61,0.85,2.23,2.64,3.27,2.97,1.31,1.4,1.46,2.64,2.46,2.67,2.6,0.72,-0.43,-0.54,0.01,-0.52,-0.36,-0.03,0.15,-0.76,-0.94,-0.07,-0.52,-0.43,-0.74,-0.93,-1.29,-0.37,-0.07,-0.49,0.24,0.33,0.68,-0.21,-1.13,-2.11,-1.28,-1.47,-1.55,-1.13,-1.12,-1.18,-0.91,-0.87,-0.79,-0.72,-0.64,-0.91,-0.65,-0.15,-0.67,-1.25,-1.09,-2.1,-1.85,-1.15,0.08,1.47,1.59,1.24,0.64,-1.4,-1.79,-3.32,-3.33,0.98,0.02,-0.96,-4.98,-5.27,-9.2
2.92,1.04,0.21,0.56,1.53,1.27,1.19,2.46,3.68,3.98,2.95,0.99,1.03,0.44,0.43,2.64,3.39,2.52,1.23,2.33,1.05,0.4,1.69,1.05,0.8,1.34,-0.32,-0.45,-0.49,-0.43,-0.57,-1.41,-1.24,-0.96,-0.48,0.15,0.26,0.18,-0.33,-0.3,0.22,0.27,-0.28,-0.39,-0.94,-1.82,-2.54,-2.46,-1.9,-1.27,-0.19,-0.46,-1.46,-0.74,-1.1,-0.83,-1.38,-0.59,-1.15,-1.06,-1.23,-1.27,-1.18,-2.6,-1.33,0.16,1.26,2.15,1.67,0.19,-1.24,-1.93,-2.58,-2.73,-3.97,-1.81,-0.16,-1.56,-5.16,-7.26,-9.49
3.7,1.96,1.39,2.51,2.78,2.54,1.28,1.54,1.81,1.69,3.2,3.13,2.15,2.14,2.92,2.43,1.07,1.37,1.08,0.61,-1.25,-1.19,-1.13,-1.28,-1.77,-1.32,-2.3,-2.07,-1.4,-1.58,-1.91,-1.44,-2.33,-2.01,-1.56,-1.02,-1.14,-1.28,-0.75,-0.56,-1.05,-1.09,-1.55,-1.81,-1.62,-1.87,-1.95,-2.43,-1.8,-1.34,-0.71,-0.58,-0.11,-1.14,-1.08,-1.68,-1.56,-0.32,0.51,-0.46,-3.0,-0.42,1.24,0.44,0.6,-0.55,0.04,2.61,2.77,0.64,-1.07,-1.94,-2.35,-2.95,-3.49,-4.8,-3.64,-5.17,-5.93,-6.61,-7.77
3.54,1.37,1.13,-0.75,0.41,2.53,2.89,2.7,2.15,0.5,2.05,0.82,1.39,1.3,1.8,0.07,0.21,0.11,-1.0,-1.22,-0.07,-0.64,-1.35,-1.07,0.13,-2.22,-3.5,-2.14,-1.94,-2.19,-3.86,-4.39,-4.98,-4.33,-3.63,-2.71,-1.24,-1.02,-0.72,-0.73,-0.73,-0.72,-1.07,-1.64,-2.06,-2.45,-1.52,-2.68,-2.71,-1.68,-0.27,-0.14,-1.08,-1.44,-0.43,-1.08,-0.56,1.12,1.06,0.53,-1.15,1.31,-0.47,-0.82,-1.51,-1.31,-0.38,1.25,2.08,1.52,0.29,-0.71,-1.31,-2.2,-3.43,-1.69,-4.49,-6.06,-6.0,-6.1,-6.54
4.77,3.15,-0.62,0.53,2.99,1.23,-0.13,0.48,0.42,1.37,0.98,-0.29,1.61,0.47,-1.46,1.14,0.96,0.4,-0.35,-0.06,0.05,-1.07,-0.97,-1.44,-1.63,-0.84,0.5,0.45,-0.16,-0.51,-0.2,0.14,-0.45,0.13,-0.14,-1.66,-3.36,-2.52,-1.25,-0.28,-0.28,-1.1,-1.04,-1.75,-3.08,-2.96,-2.25,-1.91,-1.79,-1.87,-1.38,-1.42,-0.95,-0.61,0.0,-0.14,1.65,1.8,2.17,0.53,-0.63,1.96,-1.44,-1.52,0.39,1.65,2.3,2.51,2.43,1.75,0.36,-0.7,-1.33,-1.32,-2.66,-4.49,-4.99,-5.76,-6.13,-5.74,-5.47
0.84,0.03,-2.16,0.79,-2.74,-1.72,-1.46,-2.55,-1.43,0.26,0.23,-0.34,-0.06,-0.77,-1.31,-2.27,-0.67,-0.34,0.22,-0.11,-1.25,-2.95,-4.3,-3.27,-2.99,-1.98,-1.57,-1.02,-0.35,-0.69,-0.87,-0.39,0.96,1.9,0.62,-1.02,-1.79,-0.16,0.45,0.19,-1.32,-0.81,-1.37,-2.43,-4.46,-3.99,-3.2,-2.56,-1.89,-2.5,-2.64,-1.49,-1.35,-1.25,0.47,2.81,1.9,1.08,0.36,0.63,0.99,2.3,2.37,4.37,4.31,4.35,3.59,3.02,2.55,2.43,1.42,-0.51,-1.93,-2.61,-2.77,-3.56,-4.88,-5.15,-4.93,-5.27,-2.76
-0.08,-0.54,-1.71,0.94,2.59,2.63,1.74,1.22,0.04,-1.33,-0.26,0.16,-0.46,-0.37,-1.03,-1.17,-3.07,-2.78,-3.78,-1.99,-0.74,-1.21,-2.36,-2.72,-2.87,-3.73,-4.31,-3.39,-1.65,-0.35,-0.09,-0.56,-0.38,0.69,0.15,-0.37,-0.06,0.29,-1.06,-2.32,-1.5,-0.95,-1.88,-3.33,-4.47,-3.48,-2.0,0.02,-0.05,-0.61,-1.05,-1.58,-0.28,1.48,3.43,2.62,1.54,0.99,2.35,3.51,2.97,3.8,3.07,5.1,7.21,7.05,5.32,4.09,3.05,1.87,0.79,-0.41,-1.75,-3.09,-4.12,-4.4,-4.75,-4.71,-5.34,-5.12,0.13
-0.96,4.94,4.25,3.59,-0.94,-1.3,-1.89,-0.02,0.61,0.2,-0.7,-0.81,-1.64,-0.89,-1.05,-0.73,-2.88,-2.54,-2.42,-2.57,-1.41,-1.84,-7.01,-6.5,-5.13,-4.06,-3.81,-4.37,-5.09,-4.96,-3.16,-0.15,0.69,0.54,0.34,-0.66,-1.76,-2.35,-2.92,-1.57,-1.04,-1.98,-2.88,-3.5,-3.74,-2.68,-0.7,-0.45,0.93,0.13,0.09,0.48,1.3,2.16,2.17,1.92,0.6,1.22,3.98,4.1,4.84,4.92,7.47,9.64,11.52,11.01,10.08,7.59,4.21,1.62,0.09,-1.33,-2.38,-3.24,-4.26,-5.1,-5.39,-5.53,-6.36,-4.27,-2.03
1.23,-1.74,-5.2,-2.42,-1.24,-0.73,0.8,0.27,0.12,-0.25,-1.82,-2.51,-3.54,-3.77,-1.61,-3.04,-1.4,-0.87,-2.07,-1.66,-1.13,-2.43,-5.48,-3.54,-1.82,-2.45,-2.65,-2.15,-2.61,-2.65,-0.59,-0.17,-1.16,-3.16,-3.24,-1.55,-1.09,-0.16,-0.94,-2.63,-2.1,-2.94,-3.46,-3.54,-3.01,-2.8,-1.22,1.11,-0.93,2.61,1.75,1.99,2.75,1.76,1.41,-0.12,1.37,4.93,6.14,6.76,8.66,5.55,8.42,9.5,9.04,9.01,8.11,3.92,3.37,1.66,0.56,-0.98,-2.55,-3.96,-4.85,-5.74,-6.33,-7.52,-7.67,-5.29,-6.35
-1.37,-0.38,1.93,5.22,2.43,0.42,-0.88,1.16,0.75,-0.04,0.34,0.41,0.93,-0.19,-1.37,1.19,-0.13,-1.28,-1.14,1.03,0.72,1.14,0.09,-1.1,-1.06,-0.05,-1.61,-3.96,-3.35,-1.44,-3.11,-4.17,-3.37,-2.73,-2.87,-1.18,-0.87,-3.4,-2.65,-2.98,-3.86,-4.09,-4.1,-3.55,-1.85,0.59,1.56,0.23,2.73,1.47,0.64,1.9,2.26,1.96,-0.13,1.32,4.44,7.17,8.3,10.53,13.99,5.66,3.41,2.89,4.11,5.66,5.81,4.45,3.04,1.08,-0.78,-2.33,-3.33,-4.53,-5.91,-7.06,-7.65,-9.48,-7.29,-6.14,-9.17
2.15,3.27,2.94,1.56,0.23,-0.21,2.08,0.58,-0.33,0.25,-1.48,-1.01,0.35,-0.15,-0.23,-0.04,-1.83,-1.81,-2.36,-4.64,-2.91,-2.83,-2.44,0.23,-0.22,-0.66,-1.13,-1.02,-1.75,-2.76,-2.69,-1.82,-2.54,-2.15,-1.98,-2.65,-1.15,1.12,-1.81,-3.69,-4.88,-4.38,-3.05,0.46,2.66,1.88,1.98,1.83,0.89,-0.41,-1.09,0.42,-0.49,-0.03,3.02,4.89,6.33,7.47,9.59,10.56,5.24,4.12,-0.19,-0.73,0.33,2.41,3.75,4.57,2.9,0.48,-1.82,-3.77,-4.85,-5.87,-7.32,-8.79,-8.88,-9.76,-7.67,-8.63,-10.61
-0.12,-0.36,-0.1,-0.18,0.05,0.29,0.78,0.27,-1.0,0.31,-0.02,-1.3,0.54,0.5,0.07,0.16,-0.98,-1.02,-1.0,-1.34,-0.96,-0.33,-1.02,-1.0,1.11,0.02,0.41,-0.75,-1.44,-1.19,-0.75,-0.97,-2.17,-4.08,-3.67,-2.08,-3.36,-1.04,-1.5,-3.45,-3.61,-1.8,0.57,3.17,3.2,3.69,2.85,3.08,3.18,-1.17,-1.72,0.4,2.19,2.99,2.8,3.14,6.58,8.82,11.08,5.77,5.13,4.1,1.17,3.09,3.32,2.91,2.8,4.01,2.56,-0.04,-2.71,-4.98,-6.39,-7.5,-8.72,-10.05,-9.9,-9.39,-9.14,-11.12,-12.67
0.05,0.83,0.55,0.41,-0.34,-1.64,-0.91,-0.34,-0.93,-1.92,-2.43,-0.42,-0.31,0.23,-1.3,-1.29,-0.64,1.79,1.9,-1.0,-1.3,-0.09,0.15,0.7,0.95,-0.75,-1.7,-3.43,-2.19,-3.49,-3.89,-4.91,-3.88,-4.23,-5.45,-4.81,-3.79,-2.48,-1.5,-1.08,-1.16,1.78,3.91,3.55,2.78,2.17,2.69,0.19,-2.84,-1.58,1.0,2.89,2.75,1.98,1.41,5.13,8.62,10.95,11.64,10.87,6.08,6.0,4.74,4.72,3.63,2.18,3.12,3.33,1.38,-0.99,-3.76,-6.13,-7.7,-8.58,-9.52,-10.6,-11.02,-10.61,-11.03,-13.25,-14.35
-0.67,0.4,0.82,0.32,-0.06,-1.13,-1.52,-0.75,-2.0,-3.42,-1.8,-1.09,-0.33,0.01,2.42,1.48,1.49,0.39,0.13,0.19,-0.47,0.1,-0.2,-1.85,-2.57,-1.11,0.69,-2.93,-2.83,-2.18,-2.56,-1.63,-3.73,-2.64,-3.16,-2.47,-1.69,-1.23,-0.93,-1.34,1.74,2.9,1.08,2.94,1.8,0.95,-1.87,0.2,3.0,2.59,3.35,3.15,1.97,1.12,3.52,7.87,9.53,11.18,10.38,7.83,3.72,2.09,4.93,6.25,4.46,3.01,2.69,1.28,-0.16,-2.71,-5.0,-7.02,-8.41,-9.45,-10.5,-11.56,-12.27,-12.85,-13.67,-14.88,-15.52
-0.98,-0.57,-0.13,-0.74,0.01,-0.7,-3.61,-2.04,1.13,1.29,0.05,0.04,-1.54,0.2,2.06,1.85,2.39,0.94,0.6,-0.99,0.04,-1.08,-1.83,-0.79,-2.26,-1.04,-2.16,-3.77,-5.19,-5.83,-4.05,-2.47,-4.3,-3.43,-1.7,-0.47,-2.22,-2.19,-1.42,1.05,2.55,2.52,3.41,5.14,5.54,1.34,2.02,2.84,2.75,4.02,2.4,1.36,1.8,4.05,7.27,8.86,9.19,8.5,8.16,3.75,0.87,2.91,4.71,4.68,4.17,3.4,1.64,0.17,-2.16,-4.36,-6.47,-8.11,-9.32,-10.63,-11.88,-12.76,-13.75,-14.99,-15.78,-15.93,-16.06
-1.64,-1.2,-1.09,-2.28,-2.43,-0.28,3.13,2.52,0.62,3.31,1.41,-0.01,-0.75,-1.45,-0.21,0.52,2.23,2.72,3.07,0.2,0.91,0.56,0.56,-0.14,-2.09,0.66,0.73,-3.26,-3.82,-4.7,-3.76,-3.65,-3.72,-0.89,-2.18,-2.53,-1.76,-0.53,1.1,3.73,2.73,2.78,4.12,5.58,4.88,2.74,0.58,1.75,2.31,1.07,1.24,1.72,4.71,7.81,9.33,10.25,8.55,5.49,3.92,2.48,1.51,5.5,4.21,3.88,3.86,2.88,0.61,-1.68,-4.53,-6.63,-8.41,-9.38,-10.0,-11.22,-12.6,-13.6,-14.84,-16.15,-16.58,-16.97,-17.26
-1.61,-1.71,-0.56,2.13,4.41,2.76,3.18,2.42,4.34,3.3,2.66,2.98,0.41,-2.54,-2.5,-3.42,0.19,2.13,1.66,0.87,0.17,-0.33,-1.78,-3.25,-2.29,-1.41,-1.7,-4.05,-3.54,-3.46,-2.42,-2.74,-1.73,-2.24,-2.89,0.42,0.84,0.38,2.31,2.79,1.66,2.91,6.21,6.74,6.55,6.72,1.3,0.33,0.44,4.2,5.68,5.61,7.12,9.31,9.33,9.45,3.54,3.16,3.06,2.8,4.42,6.09,4.14,3.37,2.34,0.6,-1.5,-3.86,-6.86,-9.09,-10.38,-10.63,-10.68,-11.34,-12.48,-13.52,-15.04,-16.39,-17.78,-18.79,-19.72
8.16,6.5,4.92,3.65,3.41,3.48,2.43,2.92,3.51,2.99,2.99,3.61,3.12,5.15,4.43,2.9,2.26,0.61,2.65,0.4,0.6,0.26,0.23,-1.02,-2.65,-3.02,-4.44,-2.71,-2.56,-2.25,-3.46,-2.74,-0.73,-2.46,-0.3,2.12,0.84,1.37,2.21,1.95,3.96,5.27,6.38,7.29,7.17,7.77,2.07,1.25,0.24,3.91,5.96,7.46,8.43,7.37,6.38,6.1,1.38,1.53,0.25,-3.22,5.82,6.24,3.69,1.56,0.13,-1.33,-3.13,-5.31,-8.18,-10.61,-11.99,-12.46,-12.06,-11.88,-12.76,-14.15,-15.85,-17.31,-19.19,-20.14,-19.63
0.48,1.72,4.36,5.38,5.72,3.38,2.53,2.57,2.34,2.78,1.96,1.22,2.25,0.99,0.75,2.57,1.41,0.87,1.81,2.16,0.39,0.51,-0.89,-2.21,-3.53,-3.16,-2.95,-2.19,-2.07,-0.99,-0.37,-1.76,-0.65,-0.13,1.86,1.94,0.95,0.53,0.84,3.06,4.13,5.09,6.99,8.4,8.49,7.65,1.23,0.26,2.37,5.78,7.21,6.65,1.28,0.98,1.75,0.83,-1.76,-1.16,1.94,4.56,8.4,6.12,3.1,-0.49,-1.87,-3.4,-4.98,-6.71,-9.15,-11.68,-13.42,-14.15,-13.63,-12.68,-12.97,-14.41,-16.35,-18.33,-19.28,-17.11,-11.49
1.0,1.93,2.35,1.83,2.38,0.28,2.7,3.66,4.69,0.93,3.19,1.44,0.53,1.46,2.22,1.65,1.88,2.32,1.93,1.32,1.77,-1.68,0.61,-1.89,-3.74,-2.77,-2.3,-0.41,0.52,-2.34,-2.2,-1.79,-1.05,1.7,3.43,3.18,2.12,3.02,3.1,3.31,6.04,6.9,8.77,10.14,9.52,8.65,5.32,5.15,5.04,6.37,2.79,0.81,1.34,0.85,1.78,0.06,-1.29,-0.03,1.95,5.44,5.7,4.29,-0.09,-2.28,-3.37,-4.98,-6.75,-8.24,-10.04,-12.26,-14.07,-14.8,-14.46,-13.51,-13.42,-14.28,-14.92,-15.37,-13.63,-8.84,-4.93
1.93,-0.04,0.06,1.74,2.06,2.1,2.34,0.85,0.39,1.22,-0.55,2.58,1.46,0.69,-0.72,-0.29,0.64,-0.01,-0.87,0.78,1.02,1.72,1.34,-0.22,-3.62,-2.53,-0.41,-0.33,-1.45,-1.25,-0.72,-0.57,1.77,2.38,3.44,2.71,3.42,4.02,4.17,4.08,6.56,8.26,9.64,9.97,9.47,8.05,6.47,5.35,4.51,1.41,1.29,1.92,0.4,-0.08,0.88,-0.02,3.6,0.96,2.62,3.57,2.21,-0.08,-1.84,-2.44,-3.99,-5.97,-7.89,-9.25,-10.73,-12.49,-13.96,-14.23,-13.7,-13.18,-13.13,-13.66,-13.77,-12.8,-11.15,-9.84,-7.92
2.56,3.63,3.58,2.84,2.69,1.09,0.42,1.0,-0.45,0.19,0.03,-0.23,0.66,1.28,1.78,1.4,0.64,1.06,0.07,-1.78,-1.62,-2.68,-4.73,-2.81,-3.89,-2.65,-1.53,-1.05,0.44,0.49,-0.15,-0.07,2.68,2.7,2.91,1.48,3.73,3.1,2.32,3.79,4.27,8.61,9.99,9.51,8.92,7.53,5.82,4.52,3.81,3.17,0.13,3.47,3.23,2.05,1.71,1.4,1.32,0.03,2.48,1.54,-0.09,-2.07,-2.53,-3.1,-4.58,-6.83,-8.67,-9.91,-11.17,-12.43,-13.35,-13.39,-13.08,-12.85,-12.75,-12.61,-13.36,-13.89,-12.72,-10.32,-8.14
-0.1,2.59,6.86,5.71,1.68,1.52,2.06,1.61,1.84,1.32,0.62,0.75,0.79,0.97,0.78,0.65,1.36,-0.01,1.75,0.29,0.46,-2.51,-1.88,-1.73,-4.19,-1.59,-0.31,0.07,1.16,1.25,-0.37,1.7,4.21,3.75,2.24,2.46,2.89,1.91,2.19,4.06,3.86,9.69,9.86,9.25,7.79,6.0,4.78,4.29,3.85,2.99,3.08,3.82,2.75,1.7,1.14,-0.26,-1.49,-0.11,0.48,0.0,-1.35,-3.16,-3.97,-4.54,-5.99,-7.97,-9.46,-10.45,-11.42,-12.24,-12.64,-12.55,-12.5,-12.66,-13.2,-14.01,-14.32,-13.17,-11.49,-9.71,-8.46
-0.98,-0.54,0.22,-0.11,4.05,4.39,3.51,2.18,2.69,2.33,0.56,1.16,0.6,0.51,-0.98,0.33,-1.79,0.84,1.84,0.98,1.71,-0.67,0.5,-2.72,-1.87,-0.84,0.0,1.66,1.09,1.83,0.89,5.38,6.36,2.85,2.07,1.47,2.09,2.22,2.45,3.56,3.65,10.28,8.67,7.82,5.97,4.72,4.1,3.99,3.66,3.0,2.69,1.44,0.68,-0.12,-1.39,-2.13,-1.53,-1.56,-1.66,-2.06,-3.01,-4.6,-5.65,-6.37,-7.35,-8.26,-9.07,-9.94,-10.7,-11.15,-11.61,-12.41,-13.21,-13.98,-14.2,-13.81,-13.1,-12.1,-10.86,-9.27,-6.5
-2.26,-2.33,1.34,2.94,1.64,0.33,0.46,1.11,1.06,1.3,2.01,0.88,-1.02,-0.79,-1.28,-0.64,-1.68,1.2,0.12,0.13,-1.55,0.28,1.71,-1.83,-1.35,-0.07,1.49,0.56,-0.17,1.33,0.92,3.63,5.62,2.58,2.99,3.71,1.81,0.84,2.25,2.65,1.91,6.23,6.32,5.5,4.27,3.62,3.35,3.0,2.14,1.74,0.75,0.08,-0.9,-1.69,-2.23,-2.22,-2.89,-2.86,-3.25,-3.45,-3.9,-4.65,-6.22,-7.18,-7.59,-8.31,-8.92,-9.4,-9.87,-10.82,-11.86,-12.43,-12.7,-12.79,-12.89,-12.81,-12.27,-10.99,-8.82,-6.48,-5.67
-0.79,-1.78,-2.04,-2.09,-1.32,-0.1,2.49,4.81,1.97,0.5,-0.09,0.97,-0.87,-0.85,-1.64,-1.91,-1.78,-1.9,-0.83,-1.29,-1.77,1.25,0.06,-1.64,-1.1,0.51,0.14,0.9,2.3,1.47,2.34,3.39,4.31,1.26,2.05,2.15,2.44,3.51,2.01,2.12,0.41,4.46,3.87,3.47,3.01,2.38,2.05,1.54,1.06,0.19,-0.98,-1.67,-2.35,-2.29,-2.91,-3.36,-3.65,-3.21,-4.32,-5.04,-5.31,-5.51,-6.27,-7.06,-7.35,-7.9,-8.41,-9.07,-10.09,-10.96,-11.59,-12.1,-12.4,-12.32,-11.97,-11.03,-9.25,-8.27,-8.12,-8.0,-7.84
-1.99,-1.62,-0.47,-0.04,-0.69,-0.78,-0.67,-0.06,-0.28,0.2,0.15,-2.44,-1.48,-1.25,0.22,-0.13,-1.81,-0.84,-0.91,-1.46,-1.93,0.79,1.31,1.25,1.52,1.63,1.78,1.51,2.08,1.84,2.47,3.03,3.85,1.48,2.56,2.35,2.04,1.83,1.58,-1.23,-0.13,2.17,2.02,1.89,1.7,1.08,0.68,0.55,-0.02,-1.3,-2.36,-3.04,-2.93,-2.82,-3.24,-4.24,-4.69,-5.54,-6.69,-7.53,-7.47,-7.04,-7.27,-8.27,-9.1,-9.51,-9.94,-10.38,-10.87,-11.26,-11.53,-11.53,-10.87,-10.06,-9.16,-8.94,-9.6,-9.82,-9.78,-9.71,-9.81
-2.41,-2.19,-1.82,-1.01,-0.43,-0.14,-0.25,0.19,-0.02,-0.08,0.72,0.57,0.23,0.18,-0.31,-0.86,-0.86,-0.38,-2.37,-0.59,0.62,1.84,0.36,2.07,0.77,1.39,2.12,2.9,2.51,3.63,4.72,4.61,4.38,2.8,2.55,1.85,2.06,2.32,0.26,-5.09,1.56,1.94,1.84,1.01,0.34,-0.15,-0.9,-1.34,-1.45,-2.43,-2.89,-4.05,-4.52,-4.72,-5.34,-6.1,-5.93,-5.93,-7.06,-7.01,-6.34,-6.41,-7.57,-8.49,-9.49,-9.94,-9.6,-9.26,-8.86,-8.63,-8.57,-8.25,-8.13,-9.07,-10.34,-10.86,-11.06,-11.19,-11.14,-11.28,-12.17
-1.29,-1.35,-0.74,-0.25,0.08,0.38,-0.37,-1.31,-1.34,-1.79,-0.45,-1.6,-0.31,-0.83,-1.13,-0.39,-0.9,-1.76,-1.75,-0.69,-0.25,0.95,0.26,0.63,1.8,1.62,1.77,2.03,2.09,2.39,2.91,4.37,3.56,2.07,2.46,2.07,1.38,0.08,-2.83,-4.97,0.21,4.29,1.91,0.17,-1.05,-1.86,-3.38,-3.47,-3.55,-3.8,-4.54,-5.68,-5.87,-6.21,-6.58,-6.5,-6.31,-6.51,-6.6,-6.38,-6.14,-6.86,-7.38,-8.37,-8.81,-8.0,-7.26,-7.1,-7.8,-8.41,-9.02,-10.09,-11.02,-11.26,-11.26,-11.72,-11.96,-12.05,-12.69,-13.65,-12.69
-0.66,-0.81,-0.72,-0.07,-0.69,-1.65,-1.8,-2.23,-2.55,-2.19,-0.92,0.31,0.63,-0.21,-0.96,-0.96,-0.47,-0.34,-0.68,-0.45,-0.18,-0.16,0.36,1.37,2.46,1.6,1.46,3.47,3.97,2.67,1.77,0.71,1.12,1.44,0.92,1.41,-0.07,-3.05,-6.47,-2.97,1.17,-1.43,0.85,-1.29,-2.33,-4.31,-5.05,-4.79,-5.15,-5.55,-6.08,-6.45,-7.33,-8.28,-8.44,-8.31,-8.09,-8.26,-8.34,-8.04,-8.05,-8.18,-9.08,-8.81,-7.03,-6.34,-6.66,-7.14,-7.46,-9.05,-11.17,-12.0,-11.93,-11.81,-12.06,-12.08,-12.65,-13.64,-13.48,-13.31,-13.33
-0.45,-1.53,-1.76,-2.38,-3.03,-1.68,-2.68,-3.03,-2.77,-1.93,-1.19,-0.01,-0.24,-0.12,-1.34,-0.45,-0.84,-0.13,-0.11,-0.18,0.05,0.35,0.39,-0.15,1.01,2.16,2.95,2.51,3.12,2.1,1.26,0.32,-0.28,-0.46,-0.79,-2.89,-4.45,-5.76,-4.44,-2.66,-1.99,-4.71,-1.88,-2.41,-3.94,-5.7,-4.71,-5.32,-6.55,-7.21,-7.68,-8.37,-9.1,-9.27,-9.43,-9.58,-9.57,-9.64,-9.98,-9.79,-9.82,-10.91,-9.39,-7.47,-7.74,-8.71,-8.54,-7.96,-8.71,-9.77,-10.37,-10.63,-10.57,-10.71,-10.82,-12.12,-12.68,-12.11,-13.78,-6.07,8.92
-0.77,-2.52,-1.41,-1.67,-1.31,-1.45,-2.51,-3.15,-2.19,-2.47,-2.69,-1.2,-0.72,-0.02,-0.93,0.91,0.61,0.2,0.42,-0.28,0.36,0.56,0.71,0.94,0.45,1.92,2.66,2.48,3.09,1.29,-0.38,-1.19,-0.62,-0.36,-2.54,-2.94,-3.94,-2.93,-1.63,-2.47,-6.43,-2.94,-3.82,-3.9,-5.24,-6.26,-5.77,-6.37,-7.67,-7.95,-9.04,-9.62,-9.18,-9.52,-9.51,-9.58,-10.42,-10.98,-10.78,-10.7,-10.95,-9.56,-7.42,-7.15,-7.59,-8.72,-9.51,-9.91,-10.56,-11.05,-10.89,-10.43,-9.97,-10.44,-11.16,-9.98,-12.06,-10.06,4.37,9.0,8.62
-1.11,-1.19,-1.45,-1.12,-0.37,-0.56,-1.64,-2.15,-1.34,-1.83,-2.74,-3.55,-1.41,-0.64,0.6,2.4,0.49,0.04,0.12,0.18,0.72,0.37,1.19,0.77,1.53,2.31,3.78,5.01,6.52,2.8,3.27,0.4,0.84,0.45,-0.62,-1.72,-1.36,-0.72,-1.18,-1.98,-2.45,-3.48,-3.62,-4.65,-5.53,-6.48,-6.46,-6.98,-8.01,-8.79,-10.18,-9.13,-9.11,-9.5,-9.65,-9.62,-9.89,-10.24,-10.14,-9.78,-9.29,-9.06,-8.73,-7.76,-7.84,-8.78,-10.05,-11.16,-11.5,-11.23,-10.54,-9.63,-9.94,-10.51,-8.49,-8.34,0.21,7.95,8.14,8.46,7.83
0.2,-0.37,0.33,0.39,0.18,0.04,-0.39,-0.09,-0.29,-1.46,-2.87,-4.86,-3.61,-0.31,0.96,1.49,-0.03,0.72,0.27,0.87,0.86,0.41,1.04,0.27,1.54,4.02,6.27,3.29,2.5,1.09,0.01,-0.28,0.24,-0.15,-1.73,-2.79,-2.29,-2.54,-2.47,-2.11,-1.8,-2.26,-3.7,-4.87,-5.86,-6.75,-7.19,-7.73,-8.66,-10.01,-9.41,-8.13,-7.7,-7.03,-6.66,-7.98,-8.83,-9.39,-9.68,-9.4,-10.55,-10.81,-10.05,-8.76,-8.56,-9.65,-9.85,-9.56,-9.87,-9.71,-9.16,-10.07,-10.23,-0.02,1.62,5.09,6.71,7.59,7.82,7.59,7.39
0.78,-0.5,0.21,-0.27,0.16,1.05,0.42,-0.53,-1.12,-1.61,-2.56,-3.92,-5.07,-1.16,0.47,0.82,0.19,0.96,0.54,1.4,0.88,0.38,0.27,0.13,1.28,4.95,6.22,3.41,0.25,0.14,-2.3,-0.94,-0.07,-1.18,-2.83,-3.52,-3.75,-4.17,-4.05,-3.43,-1.12,-3.25,-4.14,-5.48,-6.22,-6.9,-7.69,-8.34,-9.2,-9.23,-8.11,-7.27,-6.99,-6.68,-7.23,-8.21,-8.96,-9.56,-8.86,-9.83,-11.05,-10.8,-9.8,-8.97,-9.23,-8.36,-6.56,-7.3,-8.5,-9.01,-8.79,-4.53,4.27,5.29,6.15,5.92,5.64,7.85,7.54,6.95,6.14
