public/data/weather/current/current-wind-surface-level-gfs-1.0.json
{"header": { "discipline":0, "gribEdition":2, "gribLength":65699, "center":7, "subcenter":0, "refTime":"2014-01-20T00:00:00.000Z", "significanceOfRT":1, "productStatus":0, "productType":1, "productDefinitionTemplate":0, "parameterCategory":2, "parameterNumber":2, "parameterUnit":"m.s-1", "genProcessType":2, "forecastTime":0, "surface1Type":103, "surface1Value":10.0, "surface2Type":255, "surface2Value":0.0, "gridDefinitionTemplate":0, "numberPoints":65160, "shape":6, "gridUnits":"degrees", "resolution":48, "winds":"true", "scanMode":0, "nx":360, "ny":181, "basicAngle":0, "subDivisions":0, "lo1":0.0, "la1":90.0, "lo2":359.0, "la2":-90.0, "dx":1.0, "dy":1.0 }, "data":
[rows 36 to 71 of 181, columns 0 to 79 of 360]
1.16,3.04,3.07,1.65,-4.36,-7.2,-8.02,-9.1,-9.56,-7.29,-6.62,-7.46,-7.13,-6.93,-9.88,-7.1,-5.71,-7.2,-7.94,-4.56,-5.5,-6.08,-6.63,-5.73,-5.48,-5.44,-4.95,-4.66,-3.87,-3.63,-3.14,-2.84,-2.61,-2.51,-1.88,-1.12,-0.49,-0.2,-0.18,-0.12,0.01,0.16,0.75,1.19,1.66,1.74,1.68,2.62,3.08,3.34,2.94,2.26,2.0,1.71,1.9,2.82,2.59,1.17,-0.89,-1.25,-2.26,-4.31,-4.69,-5.26,-5.37,-5.74,-6.36,-6.01,-5.79,-5.43,-4.79,-4.36,-3.92,-2.87,-1.92,-1.39,-0.8,0.13,0.65,0.49
0.15,1.7,2.62,3.45,0.5,-3.84,-2.92,-3.95,-4.43,-5.02,-5.8,-5.72,-6.1,-6.11,-6.23,-6.37,-6.29,-6.67,-7.55,-6.95,-6.7,-6.2,-6.16,-5.49,-5.9,-5.59,-5.68,-5.44,-5.0,-4.75,-4.17,-3.53,-3.28,-3.18,-2.4,-1.65,-0.65,-0.2,0.23,0.27,0.22,0.34,0.86,1.44,1.68,1.99,2.37,2.51,2.4,2.49,2.83,2.72,2.78,2.58,2.72,1.98,2.0,1.5,-0.53,-0.99,-2.68,-3.72,-4.62,-5.23,-5.42,-5.68,-5.41,-4.85,-4.11,-3.34,-3.02,-3.17,-4.06,-4.02,-3.59,-2.65,-1.76,-0.97,-0.49,-0.42
0.47,1.12,2.14,2.48,2.22,-0.05,-1.45,-2.43,-2.51,-1.97,-2.08,-3.63,-5.24,-5.38,-6.26,-6.27,-5.13,-6.07,-6.9,-7.21,-6.72,-6.44,-6.42,-6.25,-7.46,-6.77,-6.29,-6.2,-5.72,-5.52,-4.92,-4.49,-4.38,-4.27,-3.17,-2.39,-1.75,-0.92,-0.52,0.19,-0.01,0.52,1.23,1.72,2.18,2.77,3.28,2.53,2.62,3.08,3.2,3.34,3.19,3.26,3.17,3.52,3.48,2.06,1.24,0.92,-2.06,-4.43,-4.94,-4.89,-4.01,-2.81,-2.65,-3.26,-3.68,-2.89,-1.81,-0.7,0.11,0.0,-0.39,-0.43,-1.1,-1.4,-1.43,-1.37
1.73,2.09,1.3,1.55,1.07,0.91,0.53,0.22,-1.25,-1.06,-1.6,-2.21,-1.88,-2.47,-1.81,-2.94,-2.75,-3.51,-5.2,-6.26,-6.97,-5.75,-5.48,-5.78,-6.19,-6.76,-6.91,-6.65,-6.23,-5.75,-5.36,-4.68,-4.69,-4.19,-3.22,-2.63,-2.23,-2.01,-1.55,-0.88,-0.23,0.29,1.24,1.98,2.74,3.08,4.19,3.63,3.66,3.23,3.59,3.77,3.78,4.52,5.07,5.16,5.75,6.56,6.44,6.41,7.31,4.68,2.14,-0.04,-1.31,-1.39,-0.82,-0.41,-2.38,-2.2,-0.92,0.2,0.96,1.97,1.86,1.54,1.29,0.86,-1.03,-1.87
4.66,2.73,0.68,0.47,-0.41,-0.54,-0.3,-0.84,-0.84,-1.17,-0.91,-1.77,-2.27,-2.94,-2.56,-3.28,-4.01,-2.38,-2.07,-3.96,-4.36,-4.45,-3.82,-5.08,-5.11,-4.71,-5.8,-5.8,-5.54,-5.07,-5.05,-4.94,-4.6,-4.44,-4.33,-3.75,-3.29,-3.2,-2.6,-1.79,-0.81,-0.25,0.41,1.46,2.88,4.19,3.74,3.8,4.35,4.38,4.28,4.52,4.79,4.93,5.17,5.99,6.54,7.74,8.99,9.87,12.29,10.4,8.92,5.95,1.69,0.79,-0.07,0.85,0.77,-0.18,0.01,0.21,0.47,1.13,1.26,1.33,1.36,2.1,3.26,0.64
1.21,0.42,0.59,0.04,-0.95,-2.54,-1.59,-1.87,-1.21,-0.13,-0.57,-0.63,-0.91,-1.93,-1.08,-2.82,-4.35,-4.77,-2.82,-2.54,-1.53,-0.59,-0.68,-0.53,-1.3,-4.58,-5.89,-6.16,-6.67,-6.03,-6.2,-5.99,-5.34,-6.06,-5.55,-5.1,-4.78,-3.93,-3.12,-2.1,-1.58,-0.95,-0.19,0.78,2.07,2.93,3.57,4.08,4.25,4.74,4.66,4.69,5.06,5.62,6.14,6.95,8.38,9.08,9.54,12.5,11.66,12.45,12.01,10.73,4.71,2.63,0.77,-0.15,1.35,0.67,0.22,0.54,-0.04,-0.75,-0.39,0.02,1.13,2.21,2.07,2.83
0.65,0.6,1.06,1.06,0.52,-1.83,-1.81,-0.84,-1.17,-0.42,0.21,1.08,0.59,-0.9,-1.1,-0.72,-0.85,-3.64,-4.87,-3.22,-2.38,-1.92,-1.61,-1.64,-1.47,-0.76,-3.47,-6.62,-6.44,-6.46,-6.12,-5.82,-6.32,-6.1,-6.22,-6.12,-5.51,-4.71,-3.66,-2.44,-1.82,-1.22,-0.67,-0.02,1.44,2.1,3.23,4.01,4.29,4.82,5.53,5.45,6.09,6.98,6.5,8.24,9.28,9.79,10.89,11.75,12.39,13.91,12.28,11.95,7.15,3.02,2.27,3.52,1.96,1.59,0.72,-0.21,-0.63,-0.53,-1.13,-0.53,-0.2,0.52,-0.42,-2.52
0.28,2.05,2.51,2.6,1.8,0.84,0.7,0.62,0.14,-0.53,-1.82,-0.89,-1.44,-0.78,-0.5,-1.04,-0.28,-1.11,-2.21,-2.88,-2.68,-1.62,-1.02,-1.37,-1.74,-2.26,-0.9,-2.72,-3.52,-5.08,-5.33,-5.6,-5.93,-5.94,-5.73,-5.37,-6.21,-6.84,-7.13,-5.75,-3.57,-2.3,-1.57,-0.58,0.35,0.67,1.96,3.14,3.95,5.09,5.7,5.39,5.5,6.48,7.02,7.14,8.32,8.86,10.57,11.7,13.9,13.75,11.97,10.96,6.87,3.53,2.99,4.14,2.85,1.68,-0.12,-1.07,-1.9,-1.05,-0.31,-0.6,-1.6,-1.66,-2.86,-3.27
0.74,1.28,2.2,2.95,3.33,2.04,1.71,0.65,-1.6,-0.33,-1.42,-1.47,-2.28,-2.37,-1.58,-1.54,-1.45,-3.4,-2.51,-1.64,-2.48,-2.21,-2.2,-1.11,-0.39,-1.15,-1.46,-1.18,-3.93,-5.84,-6.71,-9.2,-8.7,-7.71,-6.93,-8.79,-9.93,-10.03,-7.65,-5.39,-4.89,-4.22,-3.26,-1.95,-1.12,-0.21,0.92,1.97,2.35,3.14,4.16,4.34,5.1,5.41,5.84,6.24,7.48,8.76,10.19,13.06,15.13,14.69,11.19,7.78,5.91,5.89,4.7,3.88,3.18,1.33,-0.22,-0.11,0.68,1.73,1.04,-0.6,-1.59,-2.14,-2.63,-2.75
1.87,1.34,2.01,2.18,2.82,1.16,0.04,0.15,1.42,2.03,-1.36,-2.76,-1.73,-3.62,-0.31,1.56,-0.6,-2.14,-1.67,-2.51,-3.98,-2.97,-2.54,-1.21,-0.95,-1.05,-1.0,-2.11,-3.44,-3.83,-3.92,-3.37,-4.46,-2.59,-1.33,-1.52,-3.81,-5.5,-4.17,-5.22,-4.84,-3.4,-2.07,-1.84,-1.53,-1.61,-0.78,0.59,1.82,2.56,2.9,2.69,3.3,4.04,4.73,6.34,7.52,8.22,10.5,13.08,14.28,16.08,9.14,6.35,6.42,5.75,5.06,4.4,3.25,1.09,1.35,1.7,0.91,0.29,-0.43,-1.51,-1.75,-1.52,-1.9,-2.72
3.44,3.88,2.95,4.37,2.99,0.54,-0.96,-1.1,-0.22,0.4,0.92,0.69,1.59,-0.71,0.52,1.23,-0.57,0.45,0.49,0.32,-0.16,-2.06,-1.67,-1.38,-3.79,-3.4,-0.39,0.64,-1.11,-0.95,-0.4,-0.44,-2.49,-6.81,-8.12,-5.54,-2.23,-0.33,-0.84,-3.7,0.99,1.2,0.51,-1.15,-3.32,-2.92,-1.82,-0.21,0.83,1.29,1.96,0.98,1.12,2.33,3.4,4.18,6.0,6.24,6.94,10.66,12.96,8.75,5.95,6.48,6.85,6.02,4.25,-0.62,1.1,3.27,4.37,3.15,1.87,1.55,0.89,1.96,0.33,-6.95,-9.24,-4.02
2.11,2.3,3.46,10.09,10.44,4.38,-2.83,-1.06,0.61,2.83,1.3,-0.22,-1.03,1.14,0.87,1.97,1.78,1.77,-1.57,-1.78,-1.39,-0.47,-1.18,0.85,-0.26,-0.08,0.45,1.71,1.61,2.85,3.3,2.16,2.77,3.78,3.28,0.93,-0.76,-0.38,0.65,-5.18,-7.59,-4.03,-0.37,2.95,0.84,-0.5,-0.88,-1.04,1.11,1.03,1.37,1.35,1.47,1.0,1.97,3.27,3.92,4.63,5.31,5.31,6.34,6.04,5.26,4.6,5.76,4.79,3.52,1.63,-0.54,0.56,3.3,0.95,0.81,2.05,1.56,0.06,-0.44,1.16,4.68,1.32
4.2,0.76,1.89,2.24,6.71,8.17,5.54,3.94,-1.47,-0.18,2.33,2.76,-0.63,-2.83,2.43,1.94,2.03,3.37,-3.06,-6.41,-1.98,-1.89,-2.46,-1.53,1.54,0.53,0.31,2.85,3.43,4.33,4.27,1.61,0.77,1.18,1.89,3.38,2.5,0.3,-1.12,-2.15,-4.22,-4.22,-1.87,-0.49,1.56,-0.2,-0.53,2.39,-1.69,0.54,0.91,1.31,1.24,1.65,2.35,4.23,4.41,4.78,4.93,5.37,4.44,4.88,4.94,3.64,3.17,3.29,3.16,2.56,1.13,0.74,-0.87,2.9,1.17,-2.11,-0.48,1.04,1.34,0.69,-0.96,0.55
8.26,9.38,5.82,0.21,0.88,3.14,2.52,0.87,-1.44,-1.58,-0.61,0.19,3.28,4.02,1.18,2.27,1.36,0.79,-0.48,-5.2,-4.42,-2.01,-2.09,-1.82,-1.94,1.03,3.42,1.73,2.15,1.75,1.08,-0.19,-0.12,0.19,1.95,2.4,2.94,2.69,2.25,1.08,0.55,1.04,0.61,2.58,1.86,0.78,-0.64,-1.35,1.97,-1.27,0.48,0.41,1.03,1.4,2.32,3.05,4.1,4.42,5.01,4.71,4.82,4.48,3.82,2.32,2.63,2.83,2.91,1.4,-0.12,-1.87,0.03,-0.15,-2.35,-2.7,-0.47,0.67,-1.0,-1.41,1.42,0.84
6.29,8.57,5.74,-1.76,-0.32,0.74,1.38,1.31,-5.39,-2.66,-0.37,-0.99,0.35,1.8,2.6,-1.64,2.77,1.12,-1.44,-6.8,-4.73,0.06,-0.89,-2.34,-0.77,-0.14,-0.71,0.65,0.48,-0.63,0.48,-0.66,-0.64,1.52,1.31,1.78,1.22,1.18,1.89,1.93,2.49,3.1,3.27,3.22,1.25,0.06,2.57,-0.9,-3.74,-3.51,-3.77,-2.06,-2.09,-1.95,0.11,2.86,3.32,4.2,4.11,4.11,4.31,3.42,3.18,2.89,3.01,1.8,1.02,2.93,0.76,-1.2,-1.6,-0.76,-0.48,0.76,-0.46,-0.32,0.81,0.94,0.67,0.46
9.25,8.07,9.04,9.08,8.78,4.72,2.51,4.29,2.89,-2.54,-0.26,-0.94,0.59,1.0,-0.51,0.93,-1.92,2.74,1.52,-1.68,-6.52,-3.37,1.68,0.44,-0.72,-1.79,-3.53,-1.34,-1.74,-0.42,0.92,1.35,-0.01,-0.52,-0.08,-0.35,0.39,1.43,1.64,0.49,0.18,1.5,1.48,1.21,2.88,1.06,2.71,2.95,-0.35,-4.05,-6.74,-5.93,-4.44,-1.49,-0.58,0.45,2.06,2.55,2.39,2.69,2.23,2.0,2.3,2.7,3.38,2.59,2.25,1.51,-1.04,-1.29,-1.98,-2.08,-1.28,1.12,3.13,4.4,-0.36,0.19,0.86,0.41
11.77,9.01,9.22,11.69,12.93,11.44,9.36,11.99,6.83,0.7,1.58,4.09,6.3,1.58,-0.55,1.35,4.1,7.85,5.39,2.47,-3.47,-5.17,0.33,0.13,0.33,-2.47,-5.71,-3.64,-0.74,-0.23,-0.61,0.92,1.6,0.17,-0.93,-0.04,-0.22,-0.01,-0.36,-0.78,-0.42,-0.48,-0.57,0.93,3.05,1.12,-0.03,2.57,2.94,-1.44,-3.21,-2.51,0.73,2.25,1.21,0.25,-0.95,0.83,1.36,0.24,0.33,0.98,0.24,0.78,0.76,0.77,0.67,-0.94,-1.85,-0.74,-2.29,-1.97,-4.74,-0.78,1.7,2.92,4.03,-1.14,-1.19,-1.21
13.24,15.08,12.97,12.31,14.6,18.25,11.49,5.31,1.88,0.45,0.18,2.56,8.64,6.85,6.66,5.91,7.42,7.08,6.41,5.35,1.09,-5.05,-4.03,2.19,1.27,-2.85,-3.31,-5.05,-3.93,-0.29,1.83,-0.43,0.63,0.82,-0.7,-1.48,-1.73,0.99,0.84,-0.61,-0.89,-0.61,-0.33,-0.19,-0.29,2.71,-0.23,2.6,1.13,2.12,0.38,1.27,1.89,1.94,1.14,0.6,0.43,1.06,1.49,2.03,1.21,2.2,2.76,2.17,2.89,0.15,-2.34,-2.27,-1.33,-0.06,-2.85,-5.83,-3.51,-1.92,-0.51,0.58,2.81,2.09,1.04,0.46
13.69,4.4,4.34,4.89,4.34,3.77,3.39,3.62,2.33,1.94,0.96,4.72,5.05,5.48,5.1,6.39,6.13,5.77,5.96,5.76,3.83,0.01,-2.32,-1.28,0.21,0.77,-1.05,-1.83,-1.67,0.12,2.71,1.95,2.57,3.49,4.02,3.94,1.66,1.88,3.65,3.9,3.18,1.87,0.72,-0.72,-0.65,-0.3,0.7,1.64,-0.04,2.12,1.03,-0.8,-0.54,-0.03,1.34,0.92,1.28,1.11,1.85,3.02,2.29,0.38,2.47,1.95,1.99,0.72,1.42,-0.64,3.86,-1.17,-3.97,-1.04,-1.42,-0.91,-0.57,-4.24,-0.44,0.86,0.53,0.01
7.09,8.23,9.0,8.56,12.06,4.76,4.75,2.55,4.61,3.75,2.51,3.13,2.67,3.05,4.02,5.39,4.99,4.81,4.96,5.0,4.17,0.9,-1.43,-6.14,-5.51,-1.37,1.33,-0.12,-1.62,-1.08,0.35,1.84,2.01,1.22,0.27,-1.02,0.27,1.04,2.45,2.33,2.28,1.66,2.4,1.0,-0.34,-0.5,-1.04,0.27,0.79,0.47,3.44,1.79,1.34,0.64,1.17,1.48,0.33,1.17,2.27,2.5,3.65,1.41,1.97,-0.25,-3.42,-3.38,-2.0,0.83,-0.78,-0.12,-0.24,-0.06,-1.5,-4.01,-0.95,-3.04,-1.56,-3.08,-0.05,2.07
4.58,6.49,9.81,9.94,11.22,9.06,9.21,6.99,6.45,4.58,5.03,3.47,3.08,2.55,3.8,5.0,4.55,4.49,3.94,3.65,3.32,1.67,-1.16,-2.03,-2.33,-2.3,-1.48,-1.91,-2.45,-2.63,-1.88,-1.07,0.52,2.48,2.29,1.35,0.98,0.38,1.0,2.16,2.39,1.52,1.6,2.04,0.57,-0.63,-1.04,-0.21,-0.32,0.27,1.67,1.68,1.03,0.83,0.5,0.92,0.62,0.74,1.48,2.08,3.24,0.85,1.15,-1.88,-1.51,-1.7,-1.8,-1.73,0.14,-0.42,1.56,2.83,1.24,-1.46,-2.1,-2.05,-2.2,-0.72,-4.21,-1.32
6.66,6.49,5.69,7.47,6.62,6.69,7.11,6.01,6.43,5.65,5.84,3.77,3.18,2.78,3.59,3.24,1.37,1.89,2.23,1.44,0.98,0.91,1.21,0.79,-0.71,-2.24,-3.02,-3.14,-3.36,-3.78,-3.72,-3.1,-2.76,-1.54,-1.0,-1.02,0.24,2.06,1.16,2.68,3.54,3.2,1.34,1.03,0.97,0.45,0.59,-0.1,-0.53,-1.09,1.14,1.22,0.61,2.34,0.52,1.37,1.09,1.3,0.91,0.58,2.69,-0.77,0.76,-1.64,-1.52,-0.12,-1.45,-1.23,-0.12,-1.03,0.81,0.25,-0.04,1.57,0.63,-1.92,-3.78,-1.45,-2.27,-1.69
-0.8,3.45,5.3,5.84,5.77,5.88,5.36,6.27,5.45,5.79,4.34,3.64,2.84,3.96,4.6,4.04,3.97,4.29,3.35,-0.03,-3.1,-1.9,-0.17,0.21,-0.59,-1.1,-2.68,-4.44,-4.4,-4.6,-4.85,-4.9,-4.95,-4.75,-3.59,-1.27,-0.75,0.21,1.42,2.86,3.6,3.75,2.11,0.96,1.1,1.0,1.63,2.58,1.86,0.72,-0.6,0.23,1.05,0.03,1.45,0.23,1.95,1.56,0.85,0.11,2.66,-0.43,0.44,-2.56,-3.45,-2.61,-3.43,-4.2,-2.21,0.11,0.84,0.35,0.19,0.34,1.39,2.25,-0.39,-3.72,-0.08,-2.02
-1.16,-0.24,2.06,4.6,5.27,5.38,6.12,5.42,5.66,5.11,3.1,3.12,3.62,3.85,2.98,3.81,3.98,3.95,4.87,0.96,-1.33,-1.11,-1.6,-1.83,-1.96,-1.66,-1.72,-2.9,-3.55,-4.84,-3.33,-1.87,-2.79,-4.09,-1.32,0.06,0.11,1.62,-0.83,0.92,2.85,3.63,3.13,1.51,1.98,1.84,1.65,1.92,2.48,2.04,-0.13,-1.46,0.37,0.92,1.54,1.14,1.22,1.42,1.78,0.11,1.76,0.05,1.65,-0.13,-0.25,-2.38,-1.15,-0.69,-0.06,0.2,0.43,0.53,0.53,0.44,1.07,1.05,1.07,-1.91,-3.71,-0.59
2.13,3.05,3.62,5.18,5.03,4.85,5.69,5.39,4.58,3.7,3.58,3.59,3.65,4.35,4.22,3.84,2.79,3.78,4.46,1.81,0.23,-0.54,-1.88,-2.54,-2.6,-3.0,-2.63,-1.94,-2.83,-2.85,-2.69,-1.59,-0.52,-1.96,-1.01,-0.65,0.83,0.9,0.72,0.4,1.09,2.87,3.33,2.33,1.9,2.11,1.64,1.35,1.74,2.25,2.28,-0.8,-1.83,0.0,0.18,1.63,-0.55,1.81,2.12,1.12,0.6,-0.64,1.48,3.22,-0.52,1.75,-1.15,-0.4,0.63,0.16,0.67,-0.49,0.04,0.28,0.62,0.28,0.66,1.7,-0.03,-0.83
1.13,2.31,3.3,4.65,5.03,5.12,5.38,3.89,4.22,4.24,3.94,3.49,4.07,3.73,2.55,1.08,1.3,3.52,2.25,1.03,1.37,-0.38,-2.0,-1.81,-2.01,-2.45,-2.18,-0.87,-1.13,-0.96,-0.71,0.0,-0.88,0.69,-0.06,-1.21,0.25,-0.98,0.26,-0.19,0.52,1.19,2.18,2.35,2.03,1.85,1.56,1.03,1.78,1.54,2.13,0.08,-1.75,-0.53,-0.66,-0.58,0.78,1.21,-0.45,3.02,0.37,1.82,-0.81,-3.18,1.78,1.79,-0.36,0.79,0.57,1.25,-0.36,-1.05,-0.88,-1.4,-1.3,-0.76,0.05,0.97,1.89,1.73
1.89,2.37,2.98,3.53,4.58,4.75,4.75,4.18,4.13,3.25,2.17,2.88,1.4,0.26,-0.38,-1.05,0.77,3.18,2.52,1.75,0.1,-0.43,-1.61,-1.91,-1.82,-1.79,-2.07,-1.78,-2.03,-1.26,-0.59,-0.48,-1.53,0.99,0.44,-0.52,-1.3,-0.79,-0.83,-0.87,-0.58,0.22,0.92,1.46,1.49,1.93,1.92,1.55,2.09,2.65,2.28,2.05,0.23,-0.3,-0.15,-0.17,0.12,-0.27,-0.11,0.01,-0.96,0.93,0.81,-1.38,0.83,-0.05,-1.0,0.43,0.01,-1.6,-1.97,-1.65,-2.73,-2.83,-2.06,-1.27,-0.25,0.85,1.46,2.1
3.16,3.13,2.86,2.53,2.88,3.46,3.08,1.38,2.4,1.92,1.98,0.47,-1.02,-0.97,-1.63,-0.56,-0.75,1.18,2.8,1.58,0.21,-0.8,-0.98,-1.14,-1.74,-2.21,-2.52,-2.08,-1.63,-2.53,-1.17,-0.29,-1.54,-1.53,1.51,1.94,0.67,-2.4,-0.85,-2.1,-1.09,-0.29,0.5,0.89,0.98,1.46,2.4,2.38,2.17,3.12,3.64,4.23,4.51,2.07,-0.14,-1.14,-1.4,-2.29,0.0,0.31,-2.17,-0.48,-1.09,0.41,-1.06,-1.6,-1.8,-0.8,-0.66,-2.18,-2.87,-3.06,-3.17,-3.65,-2.99,-2.04,-1.13,-0.21,0.64,1.42
3.86,3.58,2.37,1.79,0.85,1.12,1.7,1.38,2.05,0.73,-0.24,0.05,2.84,0.69,0.62,0.54,0.62,0.55,1.26,0.87,-0.3,-0.34,-0.55,-0.9,-1.39,-2.25,-3.46,-2.19,-1.07,-1.63,-1.61,-1.85,-0.73,-1.3,-0.72,1.06,0.49,-1.5,-0.93,-1.13,-1.9,-1.08,-1.42,-0.6,0.28,0.66,1.83,2.63,2.49,2.49,3.4,4.22,5.46,5.59,3.02,0.58,2.76,2.43,0.79,-2.4,-1.93,-2.92,-1.75,-2.92,-2.63,-0.33,-0.28,-1.88,0.48,-2.27,-2.97,-3.55,-3.39,-3.73,-3.56,-2.22,-2.03,-1.95,-0.69,0.41
3.78,3.05,2.6,1.3,1.13,1.04,1.31,1.24,2.65,2.11,2.95,1.76,2.13,1.99,2.46,0.64,-0.2,-0.84,-0.21,-0.18,-0.04,0.47,-0.62,-1.84,-1.11,-1.17,-1.51,-1.02,-1.01,-0.85,-1.4,-3.06,-2.44,-1.23,-2.48,0.57,-0.35,-2.98,-2.32,-2.25,-2.29,-2.58,-1.78,-1.27,-0.42,0.85,0.73,1.92,2.28,2.19,2.02,3.22,4.68,5.65,5.76,3.99,2.83,7.99,7.34,3.85,-0.05,0.31,-2.6,-6.02,-9.03,-9.63,-9.13,-5.53,-2.65,-1.93,-2.49,-2.91,-2.58,-1.62,-1.3,-2.34,-1.76,-3.43,-1.84,-0.64
3.31,2.47,2.51,1.94,1.65,0.01,2.62,2.48,3.58,4.52,2.67,2.13,3.16,3.62,2.75,2.03,1.64,0.67,0.05,-1.13,0.14,0.29,0.1,-1.5,-1.74,-0.73,-0.86,-0.57,-0.91,-2.22,-1.46,-2.72,-3.14,-2.24,-2.1,-1.14,1.16,0.24,-3.07,-3.1,-2.32,-3.29,-3.05,-2.15,-1.22,0.19,0.07,1.48,1.56,1.55,1.82,2.22,3.54,3.76,4.39,2.84,0.94,4.92,5.11,4.59,2.06,1.93,-2.9,-4.9,-8.26,-9.34,-9.69,-8.16,-4.63,-3.37,-4.25,-3.95,-3.07,-4.49,-1.82,-3.94,-2.34,-3.21,-2.45,-1.5
3.08,2.52,1.99,2.0,1.89,-0.04,3.98,1.94,4.05,5.85,1.44,1.16,2.22,2.39,1.43,1.08,1.19,-0.25,-0.32,-0.47,0.22,-0.7,-0.63,-2.08,-3.01,-1.79,-1.76,-1.23,-1.23,-1.95,-1.4,-1.5,-2.62,-2.71,-2.65,-1.61,1.22,-0.12,-2.92,-3.67,-4.58,-3.89,-3.61,-3.74,-1.33,-1.11,-0.28,0.85,1.47,1.09,0.96,1.58,1.68,2.83,3.18,2.55,1.49,2.91,1.13,2.82,2.41,1.63,-1.66,-4.05,-5.07,-8.2,-7.57,-6.59,-5.67,-3.62,-2.77,-3.96,-4.3,-5.45,-3.47,-4.01,-2.75,-2.49,-1.64,-2.11
2.53,2.41,1.98,2.3,2.25,1.5,1.51,3.19,1.99,4.09,2.69,1.19,0.08,1.11,1.08,0.22,0.6,0.17,0.17,0.19,-0.07,-1.6,-2.8,-2.43,-2.9,-2.37,-2.29,-1.44,-1.62,-1.98,-1.85,-1.55,-1.73,-1.1,-1.74,-2.17,-0.09,2.47,-2.42,-5.02,-5.17,-3.96,-3.77,-2.34,-2.03,-1.22,-0.33,0.01,1.01,1.5,1.3,1.46,1.28,1.68,1.87,3.03,2.46,4.33,1.61,1.41,3.96,1.32,-0.81,-3.13,-3.0,-3.54,-5.07,-5.32,-5.51,-5.41,-2.87,-2.94,-1.43,-3.67,-3.62,-2.97,-2.5,-1.73,-1.97,-1.83
1.91,1.64,1.16,1.23,1.7,0.39,0.63,1.65,1.45,3.43,2.84,1.05,-0.74,0.27,0.74,0.15,-0.95,-1.08,-0.31,0.59,-0.84,-2.97,-4.11,-3.96,-4.24,-3.49,-2.95,-1.95,-2.03,-1.81,-1.88,-1.59,-1.86,-0.21,-1.46,-2.64,-1.76,0.39,1.08,-2.98,-1.36,-1.72,-2.45,-1.81,-2.06,-2.09,-1.43,-0.61,-0.24,0.68,1.61,1.88,1.65,1.69,2.29,2.26,2.6,3.69,2.8,1.8,1.86,0.55,-0.87,-1.84,-2.97,-2.38,-2.63,-4.16,-5.49,-5.78,-3.65,-1.33,-1.59,-1.7,-2.21,-3.64,-3.13,-3.67,-3.51,-3.1
1.46,0.66,1.11,0.49,-0.32,-0.24,-0.42,0.47,0.31,2.38,0.8,-0.7,-0.65,-0.34,0.54,0.12,0.27,-0.21,-0.55,0.27,-2.08,-4.19,-4.99,-5.3,-4.23,-3.87,-3.41,-2.78,-1.26,-1.3,-1.29,-1.56,-2.3,-2.38,-3.03,-3.72,-1.59,-0.49,0.69,1.81,-0.06,-2.1,-1.81,-1.87,-3.11,-2.29,-2.36,-1.51,-1.38,-0.67,0.35,0.94,1.49,2.01,2.75,3.2,2.49,3.17,1.81,1.23,0.48,-0.43,-1.03,-1.81,-2.61,-2.14,-1.57,-1.94,-2.32,-2.08,-1.34,-1.85,-0.22,-1.14,-0.6,-1.13,-3.34,-3.77,-2.57,-2.87
1.57,0.56,1.44,1.15,3.04,0.96,0.35,1.6,0.14,0.86,0.54,-1.12,-1.69,-0.96,-0.65,-1.16,-1.16,-1.49,-1.97,-3.69,-3.98,-5.54,-5.12,-4.86,-4.0,-3.58,-3.28,-3.08,-0.83,-0.77,-1.4,-3.14,-3.0,-2.41,-3.23,-1.86,-2.99,-1.43,-0.99,-1.7,-0.23,1.46,-2.31,-0.99,-1.88,-1.18,-1.97,-2.34,-2.19,-1.42,-0.52,0.17,0.79,1.66,2.99,3.41,3.62,2.33,1.03,0.43,-0.2,-0.76,-1.67,-2.0,-2.25,-1.78,-0.98,-0.03,1.33,1.88,1.03,0.55,-0.82,-1.46,-0.94,-1.13,-1.82,-3.27,-2.6,-1.94
