public/data/weather/current/current-wind-surface-level-gfs-1.0.json
{"header": { "discipline":0, "gribEdition":2, "gribLength":65588, "center":7, "subcenter":0, "refTime":"2014-01-20T00:00:00.000Z", "significanceOfRT":1, "productStatus":0, "productType":1, "productDefinitionTemplate":0, "parameterCategory":2, "parameterNumber":3, "parameterUnit":"m.s-1", "genProcessType":2, "forecastTime":0, "surface1Type":103, "surface1Value":10.0, "surface2Type":255, "surface2Value":0.0, "gridDefinitionTemplate":0, "numberPoints":65160, "shape":6, "gridUnits":"degrees", "resolution":48, "winds":"true", "scanMode":0, "nx":360, "ny":181, "basicAngle":0, "subDivisions":0, "lo1":0.0, "la1":90.0, "lo2":359.0, "la2":-90.0, "dx":1.0, "dy":1.0 }, "data":
[rows 144 to 179 of 181, columns 81 to 161 of 360]
13.57,13.85,6.71,-5.82,-10.99,-10.13,-9.39,-9.25,-9.07,-9.04,-8.85,-8.61,-9.14,-9.29,-8.38,-7.5,-7.7,-8.54,-8.75,-8.15,-7.0,-5.47,-4.07,-3.27,-2.86,-2.59,-2.41,-2.33,-2.19,-1.95,-1.66,-1.19,-0.65,-0.27,-0.4,-0.91,-1.89,-3.33,-3.17,-2.24,-1.96,-1.92,-1.84,-1.55,-1.55,-1.77,-1.76,-1.81,-1.86,-1.87,-1.97,-1.99,-2.07,-2.22,-2.33,-3.22,-3.45,-1.92,-0.46,0.16,1.25,2.07,1.4,0.24,-0.64,-1.63,-2.81,-4.2,-6.64,-9.2,-10.97,-12.39,-13.65,-13.5,-11.17,-7.99,-5.91,-4.75,-3.69,-2.94,-1.54
10.85,11.41,12.49,11.04,5.72,-1.51,-6.45,-7.8,-7.31,-6.69,-6.76,-7.33,-7.12,-6.45,-6.08,-5.97,-5.89,-5.96,-6.05,-6.17,-5.52,-4.2,-2.88,-1.8,-0.61,-0.13,-0.38,-0.61,-0.53,-0.64,-1.01,-0.87,-0.6,-0.12,0.21,-0.16,-0.38,-0.48,-2.21,-4.18,-4.15,-3.13,-2.48,-2.25,-2.14,-1.96,-1.73,-1.47,-1.45,-1.8,-2.46,-3.07,-3.43,-3.25,-3.02,-3.08,-2.48,-1.25,-0.25,0.65,1.2,1.58,2.07,2.23,1.52,-0.86,-3.0,-3.99,-4.54,-5.36,-6.07,-6.73,-7.41,-7.23,-6.46,-5.33,-4.62,-4.26,-3.79,-3.55,-2.29
8.35,8.42,7.31,5.95,4.78,3.59,1.85,-0.45,-2.51,-3.97,-4.75,-5.21,-5.75,-6.16,-6.1,-5.79,-5.53,-5.19,-4.96,-4.55,-3.73,-2.53,-1.39,-0.67,-0.46,-0.68,-0.83,-0.8,-0.66,-0.41,-0.13,-0.01,-0.06,-0.34,-0.84,-1.05,-1.45,-1.93,-1.74,-1.58,-1.77,-1.71,-1.74,-1.33,-1.15,-1.15,-0.99,-1.43,-1.29,-0.78,-0.96,-1.11,-1.28,-1.61,-1.9,-2.05,-1.43,-0.32,0.64,1.09,0.94,0.28,-1.05,-1.35,0.61,1.59,1.61,1.03,-0.09,-1.36,-2.74,-3.96,-4.58,-4.49,-3.88,-3.06,-2.91,-3.05,-2.98,-3.07,-1.92
5.27,5.54,5.69,4.79,2.86,0.54,-1.54,-3.11,-4.39,-5.31,-5.71,-5.72,-5.52,-5.32,-5.02,-4.52,-3.99,-3.53,-3.06,-2.64,-2.26,-1.78,-1.15,-0.33,0.31,0.62,0.74,0.73,0.65,0.64,0.78,0.89,0.63,0.22,0.08,0.08,-0.05,-0.93,-2.29,-2.94,-2.55,-1.65,-1.37,-1.31,-0.96,0.41,2.34,2.12,1.08,0.73,-0.01,-0.71,-1.09,-1.32,-1.49,-1.62,-1.37,-1.14,-1.02,-1.36,-1.99,-2.14,-1.49,-0.49,-0.54,-0.77,-0.58,-0.54,-0.67,-0.82,-1.28,-1.95,-2.58,-3.03,-3.19,-3.24,-3.45,-3.58,-3.31,-1.83,0.15
4.32,5.02,5.6,5.84,5.39,4.23,2.37,0.36,-1.34,-2.77,-3.97,-4.73,-4.93,-4.76,-4.59,-4.39,-3.83,-2.89,-1.94,-1.36,-1.37,-1.56,-0.88,0.65,1.77,2.24,2.58,2.75,2.52,2.18,1.65,0.6,-0.32,-0.92,-1.3,-1.67,-2.36,-2.63,-2.24,-1.66,-0.9,-0.35,-1.27,-2.91,-2.91,-1.0,1.09,1.94,1.74,1.41,1.23,0.74,-0.04,-0.38,-0.24,-1.02,-2.69,-3.62,-3.26,-2.1,-1.09,-0.28,0.07,-0.18,-0.59,-0.83,-0.66,-0.24,-0.13,-0.34,-0.79,-1.35,-1.71,-1.97,-2.16,-2.17,-1.79,-1.37,-0.93,-0.17,1.11
3.17,4.15,4.59,4.5,3.64,2.2,0.86,-0.19,-1.22,-2.42,-3.75,-4.88,-5.44,-5.34,-4.7,-3.76,-2.69,-1.78,-1.5,-2.08,-2.66,-2.07,-0.05,2.23,3.9,4.63,4.67,5.26,6.28,6.62,5.97,4.16,0.9,-2.66,-5.11,-5.51,-4.61,-3.3,-2.27,-1.54,-1.07,-1.07,-1.42,-1.14,0.02,1.21,1.97,2.64,2.95,1.76,-0.09,-0.68,-0.15,0.54,0.76,0.43,-0.23,-0.73,-0.66,-0.12,0.64,0.89,0.2,-0.88,-1.8,-2.32,-2.05,-1.2,-0.33,0.4,0.85,0.94,0.63,0.13,-0.23,-0.59,-1.31,-1.5,-0.05,1.43,-0.25
2.06,2.82,3.09,3.87,4.55,3.8,1.58,-0.82,-2.39,-3.43,-4.31,-4.73,-4.36,-3.68,-3.14,-2.96,-3.2,-3.6,-3.77,-3.45,-2.29,-0.35,1.3,1.89,2.14,3.18,5.23,7.77,9.2,9.32,8.2,6.94,5.35,1.78,-3.91,-8.07,-8.46,-6.31,-3.81,-2.6,-2.33,-1.46,0.4,2.29,3.16,2.96,1.82,-0.1,-1.6,-0.62,1.59,2.21,1.48,0.83,0.56,0.44,0.65,1.09,1.48,1.7,1.11,-0.67,-2.62,-3.64,-3.74,-3.18,-2.0,-0.39,1.21,2.29,2.62,2.31,1.88,1.49,0.89,0.34,0.61,0.57,-2.03,-4.48,-3.93
-0.36,0.21,1.37,3.23,4.86,5.14,3.64,0.86,-1.62,-2.88,-2.59,-2.14,-2.43,-3.16,-3.76,-3.83,-3.33,-2.65,-2.16,-1.81,-1.69,-2.0,-2.07,-0.83,1.62,4.01,5.32,6.93,8.96,9.4,8.8,9.48,8.94,4.27,-2.01,-6.31,-7.61,-6.94,-5.22,-2.97,-0.63,0.95,1.06,0.2,-0.16,0.53,1.23,1.46,1.57,1.68,1.66,1.47,1.08,0.78,0.85,0.67,-0.67,-1.68,-1.04,-0.42,-1.3,-2.95,-3.7,-3.4,-2.79,-1.85,-0.45,0.92,2.01,2.99,3.55,3.6,4.03,5.68,6.35,2.12,-4.12,-7.14,-6.52,-4.93,-3.78
-0.91,-0.56,0.57,2.29,3.73,3.95,3.17,2.1,0.58,-1.53,-3.55,-4.42,-3.83,-3.12,-3.0,-2.8,-2.16,-1.79,-2.1,-2.49,-2.7,-2.24,-1.04,0.2,1.2,2.25,3.7,5.83,7.62,7.56,6.75,7.48,8.14,6.6,3.29,-0.17,-2.53,-3.2,-2.69,-1.86,-1.35,-0.98,-0.71,-0.58,-0.25,0.55,1.87,2.8,2.8,2.39,2.12,1.51,0.39,0.1,1.0,0.56,-1.98,-2.76,-1.1,-0.51,-1.75,-3.34,-4.2,-4.02,-3.33,-2.43,-0.82,1.21,2.91,4.22,4.75,4.41,5.77,7.52,1.7,-7.18,-8.44,-6.54,-5.67,-4.82,-3.29
-0.99,-0.63,0.17,1.05,1.74,1.83,1.37,0.26,-1.67,-3.28,-3.43,-2.56,-1.8,-1.58,-1.24,-0.52,0.04,-0.08,-0.7,-1.06,-0.85,-0.34,0.34,1.18,2.03,2.7,3.27,3.9,4.6,5.12,5.22,5.22,5.37,5.29,4.48,3.15,1.99,1.34,1.06,0.96,0.91,0.83,0.81,0.92,1.2,1.66,1.95,1.93,1.96,2.1,2.11,1.88,1.46,0.94,0.43,-0.1,-0.6,-0.87,-0.99,-1.29,-1.78,-2.31,-2.41,-1.99,-1.53,-1.01,-0.01,1.38,2.76,4.18,5.13,5.85,7.34,3.32,-5.96,-8.66,-6.54,-5.89,-5.12,-3.82,-2.34
0.45,0.54,0.53,0.42,-0.1,-1.07,-1.85,-2.5,-3.23,-3.71,-3.81,-3.23,-2.03,-0.72,0.03,0.13,-0.02,-0.06,0.09,0.17,0.57,1.1,1.5,1.95,2.69,3.57,4.28,4.58,4.26,3.71,3.44,3.52,3.82,4.23,4.46,4.22,3.68,3.09,2.63,2.36,2.24,2.03,1.64,1.58,2.25,3.19,3.83,3.81,3.12,2.33,1.96,1.83,1.48,0.98,0.61,0.35,-0.02,-0.66,-1.33,-1.74,-1.85,-1.82,-1.66,-1.36,-0.91,-0.42,-0.04,0.28,1.07,2.44,3.87,5.58,5.29,-0.87,-6.59,-6.41,-4.93,-4.74,-4.08,-3.03,-1.77
1.35,0.91,0.97,1.18,0.75,-0.75,-2.53,-3.67,-4.2,-4.1,-3.71,-3.05,-2.23,-1.41,-0.76,-0.1,0.24,0.33,0.47,0.82,1.31,1.54,1.8,2.0,2.0,2.27,2.58,2.89,3.27,3.39,3.02,2.61,2.58,2.67,2.51,2.31,2.09,1.77,1.34,1.17,1.19,1.27,1.63,2.62,3.68,4.19,3.7,2.66,2.03,2.05,2.44,2.75,2.99,2.98,2.25,1.8,1.42,0.85,0.26,-0.39,-1.1,-1.61,-1.82,-1.65,-1.21,-0.89,-0.95,-1.04,-0.56,0.48,1.85,2.79,1.4,-2.42,-5.84,-5.92,-4.47,-3.4,-2.55,-1.71,-0.69
2.79,2.45,1.69,1.25,1.27,1.32,0.99,0.14,-0.92,-1.49,-1.54,-1.44,-1.41,-1.31,-0.86,-0.33,0.13,0.78,0.81,0.26,0.51,1.93,3.18,2.83,2.16,2.32,2.33,2.24,2.08,1.53,-0.01,-0.41,1.58,3.47,3.6,3.3,2.49,1.54,0.47,-0.06,0.21,0.8,1.17,1.08,1.6,3.09,3.6,2.81,1.62,1.01,1.61,2.01,3.0,3.49,1.66,0.86,0.69,0.46,0.3,0.42,0.66,0.96,1.23,1.57,1.33,0.31,-0.43,-0.62,-0.51,-0.11,0.58,0.89,-0.32,-2.62,-3.99,-3.7,-3.06,-2.82,-2.21,-1.36,-0.5
0.76,0.89,1.21,2.22,3.46,3.7,3.69,3.68,2.97,2.39,2.87,3.62,3.86,3.09,2.06,1.62,2.43,4.3,4.52,2.96,1.68,1.09,0.96,1.52,2.66,4.07,4.95,4.96,5.08,5.33,3.85,1.42,1.02,2.51,3.21,2.84,2.97,3.09,1.6,0.82,0.71,1.31,3.05,4.76,6.91,8.63,7.76,5.46,2.86,1.13,1.91,4.01,5.35,5.86,5.79,5.69,6.05,6.51,7.03,7.33,8.34,8.99,8.17,6.23,3.97,2.5,1.88,0.57,-0.59,-0.74,-0.25,-0.03,-0.36,-1.35,-2.32,-2.51,-2.13,-1.87,-1.45,-0.96,-0.36
4.68,5.42,4.83,4.13,4.01,4.2,4.31,3.66,2.9,2.49,2.19,1.92,1.58,1.18,0.92,1.62,3.08,3.82,3.15,1.62,0.67,0.7,0.75,1.05,2.01,3.36,4.73,5.96,6.74,6.98,7.03,6.98,6.44,5.74,5.32,5.26,5.16,4.89,4.33,3.95,4.04,4.25,4.64,5.53,6.88,7.96,8.28,7.95,7.48,6.62,5.53,5.57,6.89,8.48,9.12,9.01,8.92,9.17,9.3,9.03,9.01,9.57,9.24,7.69,6.96,6.61,4.48,1.15,-0.69,-0.22,0.36,0.04,-0.36,-0.55,-0.91,-1.19,-1.31,-1.17,-0.9,-0.56,-0.23
1.6,3.0,3.68,3.67,3.36,3.07,3.1,3.01,2.59,2.12,1.72,1.46,1.56,1.88,2.18,2.42,2.65,2.73,2.39,1.66,0.89,0.54,0.78,1.46,2.34,3.13,3.63,4.11,4.84,5.6,6.08,6.08,5.62,5.22,5.0,4.85,4.77,4.73,4.64,4.47,4.32,4.3,4.48,4.9,5.55,6.29,6.86,7.16,7.24,7.24,7.22,7.09,7.22,8.09,8.59,8.16,7.79,8.34,9.6,10.96,12.16,13.1,13.61,12.93,11.44,9.71,7.72,6.19,5.6,5.09,3.74,1.87,0.5,0.05,-0.21,-0.65,-0.95,-1.07,-1.24,-1.34,-0.95
2.34,2.21,2.41,2.77,2.95,2.8,2.48,2.17,1.91,1.79,1.83,1.94,2.08,2.19,2.24,2.18,2.13,1.99,1.66,1.23,0.94,0.85,0.97,1.39,2.13,2.92,3.31,3.22,3.31,3.97,4.75,5.15,4.98,4.52,4.19,4.1,4.09,3.97,3.86,3.87,3.96,4.04,4.12,4.33,4.78,5.47,6.11,6.37,6.37,6.46,6.63,6.84,7.48,8.13,8.38,8.52,8.79,9.44,10.17,10.68,11.18,11.5,11.65,11.71,11.41,10.83,10.2,9.41,8.37,7.36,6.41,5.06,3.29,2.04,1.72,1.78,1.55,0.99,0.22,0.18,0.86
1.23,1.65,1.79,1.81,1.83,1.74,1.57,1.48,1.53,1.63,1.72,1.78,1.88,1.92,1.79,1.67,1.65,1.55,1.33,1.09,0.97,1.1,1.43,1.88,2.38,2.83,3.02,2.87,2.54,2.31,2.39,2.8,3.3,3.61,3.62,3.52,3.46,3.43,3.4,3.4,3.45,3.58,3.74,3.97,4.32,4.8,5.39,6.02,6.44,6.66,6.99,7.49,7.97,8.41,8.81,9.11,9.28,9.33,9.33,9.35,9.47,9.76,10.13,10.3,10.3,10.39,10.4,10.08,9.39,8.56,7.8,7.05,6.2,5.29,4.34,3.28,2.5,2.59,3.62,4.69,4.28
-0.39,-0.22,-0.1,-0.09,-0.1,-0.03,0.14,0.37,0.66,1.0,1.42,1.85,2.11,1.95,1.53,1.31,1.41,1.6,1.7,1.75,1.86,2.06,2.31,2.53,2.65,2.65,2.55,2.41,2.22,1.99,1.83,1.81,1.97,2.22,2.45,2.61,2.74,2.86,2.98,3.09,3.24,3.42,3.68,4.07,4.56,5.03,5.45,5.91,6.47,7.08,7.6,7.96,8.15,8.26,8.42,8.7,8.92,8.99,9.07,9.3,9.66,9.95,9.99,9.85,9.67,9.47,9.22,8.89,8.45,7.93,7.39,6.89,6.51,6.21,5.89,5.43,4.97,4.85,5.22,5.89,6.5
-1.28,-1.27,-1.23,-1.19,-1.18,-1.15,-1.03,-0.8,-0.46,-0.06,0.41,0.92,1.41,1.66,1.57,1.41,1.41,1.53,1.67,1.82,1.99,2.17,2.32,2.43,2.5,2.53,2.47,2.38,2.3,2.21,2.03,1.77,1.56,1.53,1.67,1.91,2.17,2.43,2.69,2.94,3.21,3.49,3.83,4.21,4.65,5.13,5.61,6.05,6.43,6.79,7.12,7.4,7.7,7.98,8.18,8.39,8.63,8.78,8.87,8.96,9.13,9.31,9.4,9.39,9.36,9.3,9.18,8.95,8.61,8.2,7.8,7.53,7.38,7.28,7.07,6.65,6.12,5.62,5.26,5.3,5.74
-2.19,-2.23,-2.15,-1.96,-1.78,-1.68,-1.63,-1.59,-1.51,-1.36,-1.06,-0.63,-0.07,0.47,0.86,1.09,1.25,1.39,1.54,1.67,1.81,1.98,2.16,2.28,2.33,2.33,2.33,2.31,2.27,2.2,2.12,2.01,1.87,1.74,1.67,1.69,1.82,2.07,2.44,2.88,3.33,3.78,4.17,4.54,4.89,5.19,5.46,5.7,5.97,6.28,6.56,6.82,7.11,7.49,7.86,8.03,8.03,8.01,8.08,8.27,8.48,8.63,8.77,8.88,8.97,9.01,9.02,9.01,8.95,8.83,8.63,8.35,7.98,7.52,6.93,6.28,5.61,4.79,3.54,1.69,-0.3
-2.52,-2.56,-2.6,-2.59,-2.5,-2.36,-2.25,-2.18,-2.17,-2.16,-2.08,-1.84,-1.38,-0.8,-0.22,0.25,0.64,0.96,1.27,1.57,1.83,2.02,2.17,2.31,2.46,2.6,2.7,2.75,2.77,2.76,2.7,2.63,2.57,2.52,2.5,2.53,2.61,2.75,2.9,3.09,3.29,3.5,3.76,4.12,4.51,4.9,5.24,5.52,5.73,5.88,6.01,6.13,6.23,6.42,6.73,7.07,7.27,7.32,7.32,7.34,7.41,7.5,7.56,7.62,7.69,7.8,7.92,8.07,8.21,8.33,8.39,8.39,8.29,8.05,7.74,7.46,7.02,5.97,3.92,1.05,-1.26
-2.77,-2.71,-2.68,-2.65,-2.59,-2.51,-2.43,-2.37,-2.35,-2.33,-2.29,-2.15,-1.85,-1.37,-0.76,-0.12,0.47,1.0,1.44,1.78,2.05,2.29,2.52,2.74,2.93,3.11,3.26,3.39,3.5,3.58,3.62,3.63,3.63,3.61,3.58,3.54,3.48,3.39,3.29,3.18,3.09,3.03,3.04,3.2,3.48,3.84,4.22,4.55,4.79,4.97,5.12,5.29,5.43,5.57,5.75,5.96,6.18,6.37,6.54,6.69,6.79,6.82,6.84,6.9,7.01,7.15,7.3,7.47,7.75,8.15,8.65,9.15,9.46,9.62,9.8,10.02,9.7,8.52,6.8,5.06,3.27
-2.21,-2.26,-2.26,-2.25,-2.24,-2.21,-2.16,-2.1,-2.07,-2.09,-2.09,-1.99,-1.69,-1.18,-0.49,0.25,0.95,1.55,2.04,2.43,2.71,2.88,2.95,3.04,3.22,3.46,3.7,3.86,3.94,3.99,4.03,4.04,4.02,4.0,3.95,3.9,3.84,3.79,3.75,3.72,3.66,3.57,3.49,3.44,3.47,3.59,3.77,3.96,4.15,4.32,4.42,4.45,4.44,4.4,4.35,4.37,4.51,4.78,5.12,5.41,5.59,5.69,5.72,5.75,5.82,5.95,6.11,6.29,6.49,6.74,7.07,7.44,7.76,8.04,8.42,8.93,9.31,8.84,7.03,4.57,2.6
-0.53,-0.93,-1.25,-1.49,-1.68,-1.85,-1.96,-1.99,-1.87,-1.59,-1.14,-0.59,0.0,0.61,1.21,1.76,2.2,2.5,2.67,2.77,2.85,2.94,3.02,3.06,3.07,3.08,3.14,3.24,3.34,3.46,3.55,3.62,3.66,3.7,3.73,3.77,3.8,3.84,3.88,3.92,3.96,3.97,3.94,3.88,3.84,3.85,3.96,4.11,4.29,4.45,4.6,4.73,4.78,4.74,4.63,4.49,4.38,4.3,4.24,4.24,4.34,4.58,4.87,5.11,5.22,5.25,5.27,5.38,5.59,5.82,5.85,5.5,4.81,3.99,3.38,3.16,2.99,2.4,1.5,0.96,1.26
0.61,0.36,0.18,0.07,0.06,0.14,0.3,0.52,0.77,1.04,1.3,1.55,1.77,1.95,2.1,2.24,2.38,2.51,2.63,2.73,2.81,2.87,2.92,2.94,2.94,2.93,2.94,2.99,3.09,3.21,3.35,3.49,3.62,3.74,3.81,3.87,3.89,3.91,3.92,3.92,3.9,3.85,3.8,3.75,3.74,3.8,3.93,4.11,4.32,4.51,4.67,4.76,4.8,4.78,4.72,4.62,4.52,4.44,4.37,4.31,4.25,4.27,4.4,4.56,4.67,4.74,4.82,4.89,4.88,4.74,4.71,5.22,6.46,7.95,8.81,8.32,6.48,3.94,1.46,-0.41,-1.41
0.55,0.96,1.34,1.67,1.91,2.04,2.08,2.07,2.02,1.96,1.92,1.91,1.9,1.92,1.96,2.04,2.16,2.33,2.51,2.71,2.89,3.08,3.22,3.33,3.37,3.37,3.33,3.28,3.25,3.27,3.36,3.5,3.68,3.86,4.05,4.21,4.35,4.45,4.53,4.58,4.6,4.58,4.53,4.47,4.44,4.49,4.62,4.82,5.06,5.32,5.57,5.81,5.99,6.08,6.11,6.07,5.97,5.82,5.65,5.44,5.24,5.07,4.98,4.94,4.9,4.81,4.62,4.37,4.1,3.81,3.45,2.97,2.38,1.81,1.34,1.02,0.84,0.89,1.26,1.9,2.55
-0.11,0.11,0.34,0.55,0.75,0.93,1.08,1.21,1.33,1.43,1.54,1.65,1.76,1.89,2.0,2.1,2.17,2.2,2.21,2.24,2.29,2.4,2.56,2.76,2.99,3.2,3.35,3.45,3.5,3.52,3.55,3.59,3.68,3.81,3.98,4.16,4.35,4.54,4.71,4.86,5.01,5.12,5.19,5.2,5.14,5.04,4.97,4.95,5.02,5.18,5.41,5.67,5.95,6.21,6.44,6.63,6.79,6.93,7.07,7.23,7.4,7.54,7.6,7.58,7.5,7.53,7.86,8.53,9.38,10.03,10.02,8.88,6.38,3.24,0.72,-0.65,-0.89,-0.33,0.57,1.29,1.58
-1.32,-1.07,-0.84,-0.61,-0.39,-0.16,0.05,0.24,0.4,0.53,0.63,0.71,0.8,0.89,1.02,1.19,1.39,1.62,1.84,2.04,2.19,2.3,2.38,2.45,2.55,2.69,2.86,3.04,3.2,3.3,3.37,3.4,3.44,3.51,3.63,3.81,4.04,4.32,4.6,4.89,5.17,5.44,5.7,5.92,6.12,6.29,6.43,6.54,6.63,6.71,6.8,6.92,7.06,7.23,7.4,7.57,7.72,7.87,8.02,8.21,8.46,8.74,9.05,9.34,9.57,9.77,9.95,10.15,10.36,10.53,10.49,10.09,9.22,7.71,5.84,3.92,2.29,1.33,0.99,1.08,1.43
-1.82,-1.53,-1.27,-1.02,-0.8,-0.6,-0.41,-0.24,-0.07,0.08,0.23,0.37,0.51,0.66,0.82,0.99,1.19,1.39,1.6,1.82,2.02,2.2,2.36,2.5,2.63,2.77,2.93,3.17,3.46,3.78,4.15,4.5,4.83,5.09,5.27,5.4,5.49,5.55,5.61,5.66,5.73,5.83,5.94,6.1,6.28,6.49,6.71,6.95,7.18,7.42,7.64,7.85,8.06,8.24,8.41,8.56,8.7,8.81,8.91,8.99,9.03,9.04,9.02,8.98,8.95,8.95,9.02,9.21,9.45,9.74,9.98,10.05,9.96,9.49,8.76,7.85,6.77,5.72,4.7,3.73,2.96
-2.66,-2.39,-2.14,-1.89,-1.67,-1.44,-1.22,-0.99,-0.76,-0.51,-0.26,0.01,0.27,0.53,0.78,1.02,1.24,1.45,1.65,1.86,2.07,2.29,2.51,2.74,2.96,3.17,3.36,3.55,3.72,3.88,4.04,4.2,4.37,4.54,4.71,4.9,5.08,5.28,5.47,5.66,5.84,6.01,6.16,6.3,6.43,6.56,6.69,6.83,6.96,7.1,7.25,7.39,7.53,7.68,7.83,7.99,8.15,8.31,8.48,8.65,8.8,8.94,9.05,9.14,9.18,9.2,9.2,9.19,9.17,9.14,9.12,9.07,8.97,8.81,8.49,8.02,7.38,6.59,5.76,4.95,4.33
-3.11,-2.83,-2.55,-2.26,-1.99,-1.71,-1.45,-1.2,-0.97,-0.75,-0.55,-0.35,-0.16,0.03,0.23,0.42,0.62,0.83,1.04,1.24,1.46,1.67,1.88,2.1,2.31,2.52,2.74,2.95,3.16,3.38,3.6,3.81,4.03,4.24,4.44,4.65,4.86,5.06,5.26,5.45,5.65,5.84,6.03,6.21,6.38,6.55,6.71,6.86,7.01,7.17,7.32,7.48,7.65,7.82,8.0,8.18,8.36,8.52,8.69,8.83,8.97,9.08,9.18,9.27,9.33,9.39,9.43,9.47,9.51,9.53,9.54,9.53,9.47,9.38,9.22,9.01,8.73,8.4,8.02,7.6,7.15
-3.17,-2.96,-2.77,-2.56,-2.36,-2.16,-1.96,-1.75,-1.55,-1.33,-1.12,-0.89,-0.67,-0.44,-0.21,0.02,0.24,0.47,0.69,0.92,1.13,1.35,1.56,1.77,1.99,2.2,2.41,2.62,2.83,3.04,3.25,3.45,3.66,3.87,4.08,4.28,4.49,4.68,4.87,5.06,5.24,5.42,5.59,5.76,5.92,6.09,6.24,6.4,6.55,6.7,6.85,7.0,7.13,7.27,7.4,7.54,7.67,7.79,7.93,8.05,8.17,8.3,8.41,8.51,8.61,8.68,8.76,8.81,8.85,8.88,8.91,8.92,8.92,8.92,8.91,8.87,8.83,8.75,8.66,8.49,8.32
-2.79,-2.63,-2.45,-2.28,-2.11,-1.93,-1.76,-1.58,-1.41,-1.22,-1.05,-0.87,-0.7,-0.52,-0.34,-0.16,0.02,0.21,0.39,0.58,0.76,0.95,1.15,1.33,1.53,1.72,1.92,2.11,2.31,2.5,2.7,2.9,3.09,3.29,3.47,3.66,3.85,4.03,4.21,4.39,4.56,4.73,4.9,5.06,5.21,5.37,5.51,5.65,5.8,5.93,6.06,6.19,6.31,6.43,6.56,6.66,6.77,6.88,6.98,7.07,7.16,7.25,7.33,7.41,7.48,7.55,7.62,7.67,7.72,7.75,7.78,7.8,7.82,7.8,7.79,7.77,7.72,7.67,7.61,7.52,7.43
-2.83,-2.7,-2.56,-2.42,-2.28,-2.14,-2.0,-1.84,-1.7,-1.55,-1.38,-1.23,-1.06,-0.9,-0.73,-0.57,-0.4,-0.23,-0.06,0.11,0.29,0.46,0.63,0.8,0.98,1.15,1.32,1.49,1.66,1.83,2.0,2.16,2.32,2.49,2.65,2.81,2.96,3.11,3.27,3.42,3.56,3.71,3.85,4.0,4.13,4.27,4.41,4.54,4.67,4.79,4.91,5.04,5.16,5.27,5.38,5.49,5.61,5.7,5.79,5.89,5.98,6.06,6.13,6.2,6.28,6.34,6.39,6.44,6.48,6.53,6.55,6.58,6.6,6.63,6.64,6.64,6.64,6.64,6.64,6.63,6.62
-3.02,-2.89,-2.77,-2.64,-2.51,-2.38,-2.25,-2.12,-1.99,-1.86,-1.73,-1.6,-1.47,-1.35,-1.21,-1.09,-0.96,-0.83,-0.7,-0.58,-0.45,-0.33,-0.2,-0.08,0.04,0.17,0.29,0.41,0.53,0.65,0.77,0.89,1.0,1.12,1.23,1.34,1.46,1.57,1.68,1.79,1.89,1.99,2.09,2.2,2.3,2.39,2.49,2.58,2.67,2.75,2.83,2.92,3.0,3.09,3.16,3.23,3.3,3.36,3.43,3.5,3.56,3.63,3.69,3.74,3.79,3.84,3.89,3.94,3.99,4.04,4.08,4.12,4.15,4.19,4.23,4.26,4.29,4.32,4.35,4.38,4.4
