public/data/weather/current/current-wind-surface-level-gfs-1.0.json
{"header": {"discipline":0,"disciplineName":"Meteorological products","gribEdition":2,"gribLength":131858,"center":7,"centerName":"US National Weather Service - NCEP(WMC)","subcenter":0,"refTime":"2014-01-31T00:00:00.000Z","significanceOfRT":1,"significanceOfRTName":"Start of forecast","productStatus":0,"productStatusName":"Operational products","productType":1,"productTypeName":"Forecast products","productDefinitionTemplate":0,"productDefinitionTemplateName":"Analysis/forecast at horizontal level/layer at a point in time","parameterCategory":2,"parameterCategoryName":"Momentum","parameterNumber":3,"parameterNumberName":"V-component_of_wind","parameterUnit":"m.s-1","genProcessType":2,"genProcessTypeName":"Forecast","forecastTime":3,"surface1Type":103,"surface1TypeName":"Specified height level above ground","surface1Value":10,"surface2Type":255,"surface2TypeName":"Missing","surface2Value":0,"gridDefinitionTemplate":0,"gridDefinitionTemplateName":"Latitude_Longitude","numberPoints":65160,"shape":6,"shapeName":"Earth spherical with radius of 6,371,229.0 m","gridUnits":"degrees","resolution":48,"winds":"true","scanMode":0,"nx":360,"ny":181,"basicAngle":0,"subDivisions":0,"lo1":0,"la1":90,"lo2":359,"la2":-90,"dx":1,"dy":1}, "data":
[rows 72 to 107 of 181, columns 243 to 323 of 360]
-1.99,-2.12,-2.22,-2.72,-2.56,-2.5,-2.73,-3.02,-3.15,-3.48,-3,0.26,1.69,0.7,-1.94,0.4,0.92,0.57,0.86,0.1,-0.08,-1.58,-0.92,-0.89,0.65,0.43,0.46,0.62,0.3,1.21,1.27,-1.3,-1.98,1.63,2.92,2.29,3.11,2.42,1.58,0.01,-0.4,0.64,1.21,1.02,1.66,-0.91,-2.56,-3.87,-1.46,-0.72,-0.78,-1.9,-2.8,-3.03,-2.99,-3.23,-3.35,-3.38,-3.63,-3.59,-3.04,-2.82,-2.54,-2.22,-2.01,-1.16,-0.82,-0.72,-0.4,0.25,1.11,1.25,1.17,0.18,-0.6,-1.3,-1.45,-1.71,-2.01,-2.18,-2.27
-1.7,-2.67,-2.12,-2.69,-2.86,-2.87,-2.77,-2.92,-2.92,-3.24,-2.97,-0.71,0.65,1.42,1.91,1.32,-2.05,-1.53,-0.6,0.01,-1.31,-2.35,-2.29,-1.1,-1.63,0.18,-0.63,-0.86,0.38,-0.74,-2.39,-3.85,-2.57,0.7,1.2,0.8,1.08,1.02,0.57,-0.02,-0.6,-0.58,0.72,2.05,1.13,-0.23,-1.37,-1.6,-1.27,-1.51,-2.26,-2.19,-2.7,-3.05,-2.91,-2.69,-3.04,-3.54,-3.67,-3.61,-3.07,-2.95,-2.59,-2.14,-1.51,-0.98,-0.48,-0.33,-0.33,0.45,0.98,0.92,0.87,0.3,-0.8,-1.32,-1.93,-1.94,-2.02,-2.18,-2.36
-3.08,-3.77,-3.65,-3.62,-2.91,-2.61,-2.57,-2.33,-1.92,-1.67,-1.51,-0.2,0.47,0.58,0.83,0.91,0.92,0.3,0.17,-0.23,-0.98,-2.21,-11.28,-5.32,-1.64,-0.53,0.23,-0.87,-1.09,-0.15,-0.11,-0.46,-0.87,-1.12,-0.64,0.05,0.3,-0.21,0.11,-0.47,-0.95,-0.48,0.05,0.38,0.26,-0.23,-0.36,-0.17,-0.71,-1.16,-1.82,-2.37,-2.57,-2.95,-3.22,-3.01,-3.31,-3.37,-3.77,-3.86,-3.17,-2.68,-2.03,-1.47,-1.22,-0.46,0.5,0.72,0.57,0.32,0.3,0.45,0.03,-0.44,-0.86,-1.25,-1.82,-2.07,-2.32,-2.29,-2.38
-3.71,-3.79,-3.31,-3.39,-3.13,-2.92,-2.51,-2.21,-1.78,-1.22,-0.69,-0.44,-1.33,-0.46,1.46,2.08,1.29,1.27,0.48,1.75,-1.76,-5.8,-14.15,-9.35,1.75,-2.22,-2.18,-1.41,-1.05,-0.82,-1.36,-0.96,-1.18,-1.61,-1.48,-0.91,-1.02,-1.39,-0.9,-0.91,-1.21,-1.45,-0.85,0.15,0.24,-0.2,-0.38,-0.31,-0.66,-1.06,-1.72,-2.34,-2.51,-2.8,-3.34,-3.2,-3.13,-3.09,-3.36,-3.5,-3.36,-2.67,-1.87,-1.51,-1.12,-0.25,0.08,0.28,0.4,0.37,0.18,-0.33,-0.71,-1.2,-1.38,-1.26,-1.39,-1.63,-1.93,-2.34,-2.96
-2.37,-1.32,-0.68,-0.43,-0.57,-0.95,-1.57,-1.98,-1.81,-1.61,-1.7,-2.01,-1.04,1.11,2.84,2.31,0.86,-0.36,-0.25,-0.69,-1.05,-4.84,-7.02,-4.38,-2.04,-1.4,-0.93,-2.99,-2.74,-4.15,-2.91,-0.78,-1.34,-1.55,-2.51,-1.78,-1.68,-2.1,-2.05,-2.2,-2.21,-1.89,-1.62,-1.26,-0.68,-0.29,-0.27,-0.6,-0.81,-0.81,-1.1,-1.83,-2.49,-2.46,-2.78,-3.22,-2.75,-3.48,-3.35,-3.25,-2.84,-2.68,-2.45,-2.13,-1.98,-1.57,-1.16,-0.98,-0.84,-0.66,-1.14,-1.16,-1.43,-1.7,-1.73,-1.69,-1.95,-2.65,-2.68,-3.19,-3.96
0.91,2.23,4.35,4.94,2.69,1.36,0.05,-0.03,-1.11,-2.12,-2.37,-2.28,-0.6,1.26,1.41,0.98,-0.77,-1.98,-2.59,-2.49,-2.07,-3.14,-3.83,-3.26,-2.22,-1.62,-0.63,-0.26,-2.74,-1.85,-0.44,-2.29,-1.34,-1.27,-3.2,-2.78,-2.94,-3.02,-3.57,-4.11,-4.35,-4.29,-3.38,-1.86,-1.17,-0.6,-0.5,-0.21,-0.47,-1.41,-1.97,-2.15,-2.47,-2.82,-2.64,-2.74,-3.32,-3.18,-3.21,-3.13,-3.29,-3.17,-2.88,-2.6,-2.25,-2,-1.47,-0.86,-0.76,-1.45,-1.74,-1.79,-2.04,-2.21,-2.23,-2.11,-2.49,-3.46,-3.38,-3.52,-3.16
3.43,5.4,6.69,5.4,4.95,3.89,2.02,0.51,-0.39,-1,-2.33,-1.31,0.69,0.62,0.24,-0.22,-1.39,-2.54,-2.98,-2.5,-2.43,-2.71,-2.91,-2.76,-1.99,-0.71,1.01,1.24,1.5,1.58,-1.51,-1.1,-1.56,-1.08,-3.37,-3.62,-4.02,-4.44,-5.09,-5.94,-6.44,-6.45,-5.74,-2.74,-1.75,-1.63,-1.64,0.41,-0.41,-1.41,-2.25,-2.36,-2.21,-2.16,-2.3,-2.83,-3.03,-3.36,-3.62,-4.01,-4.08,-3.8,-3.66,-3.47,-3.19,-2.62,-1.96,-1.18,-1.09,-1.77,-2.37,-2.52,-2.53,-2.63,-2.71,-2.72,-1.93,-2.99,-3.84,-3.91,-3.59
3.88,5.46,4.39,3.43,3.87,2.34,0.34,-0.15,-0.15,-1.42,-1.98,0.22,0.31,-0.23,-1.01,-1.53,-2.06,-2.6,-2.92,-3.12,-3.36,-3.46,-3,-2.02,-2.04,-2.24,-0.97,0.11,-0.15,-1.99,-3.13,-4.54,-0.08,-0.05,-3.36,-3.83,-4.68,-5.46,-6.42,-6.88,-7.27,-8.45,-5.91,-0.96,0.85,-2.41,-1.62,0.88,0.65,-1.39,0.4,-2.94,-3.41,-1.23,-1.69,-2.21,-2.6,-3.72,-4.09,-4.4,-4.32,-4.25,-4.13,-3.84,-3.51,-2.79,-1.66,-1.89,-1.99,-2.15,-2.42,-2.69,-3.16,-3.32,-3.66,-4.12,-4.46,-3.95,-4.09,-4.02,-4.23
4.23,3.12,1.37,1.22,-0.16,-1.21,-0.31,-0.43,-1.25,-1.98,-1.55,-0.68,-0.41,-0.8,-1.57,-2.04,-2.36,-2.27,-2.63,-3.17,-3.31,-3.14,-2.82,-2.33,-2.44,-3.04,-3.03,-3.18,-3.95,-5.29,-6.63,-4.95,-3.24,0.34,2.55,-4.94,-6.62,-7.07,-6.99,-6.38,-6.94,-7.21,-0.69,-0.76,-1.02,-3.39,0.48,-0.47,-2.57,-2.31,-2.16,-1.78,-2.24,-0.94,-1.24,-1.86,-3.27,-3.65,-4.32,-4.68,-5,-5,-4.53,-4.1,-3.87,-3.33,-2.89,-2.71,-2.78,-2.79,-2.68,-3.16,-3.33,-3,-3.61,-4.25,-5,-4.69,-4.55,-4.56,-4.92
1.35,-0.42,-0.31,-0.58,-2.17,-2.27,-2.59,-1.64,-2.52,-2.58,-1.69,-1.11,-1.31,-1.44,-1.71,-2.25,-2.73,-3.31,-3.17,-3.05,-3,-2.81,-2.76,-2.84,-2.87,-3.68,-4.6,-4.7,-4.34,-4.09,-2.82,0.99,3.18,1.54,-3.05,-0.66,0.85,-1.76,-3.23,-2.13,-5.72,-1.25,-0.86,-0.1,0.56,0.01,0.33,-1.74,-2.37,-1.52,-2.77,-2.82,-1.77,-3.09,-1.13,-0.61,-0.93,-3.77,-4.8,-5.28,-5.34,-5.14,-5.13,-4.76,-4.13,-3.83,-3.56,-3.19,-3.03,-3.1,-3.57,-3.55,-2.69,-3.22,-3.77,-4.42,-4.96,-4.99,-5.16,-5.53,-5.71
-2.85,-2.53,-2.48,-3.36,-4.82,-4.57,-4.1,-3.11,-2.37,-2.33,-2.13,-1.7,-1.5,-1.72,-1.96,-2.05,-2.22,-2.36,-2.66,-2.87,-3.11,-3.35,-3.13,-2.86,-3.37,-4.31,-5.08,-5.14,-4.92,-4.52,-2.6,1.18,3.29,2.85,1.5,-3.33,-1.64,-8.29,-9.21,-1.19,-1.92,0.02,-0.24,-0.85,-0.03,0.19,-1.65,-2.27,-1.28,-0.69,-1.78,-2.68,-1.31,-1.18,-0.54,-0.39,-0.08,-0.54,-3.27,-4.81,-5.19,-5.48,-5.2,-4.36,-3.26,-2.93,-3,-2.86,-3.33,-4.14,-4.27,-3.42,-3.34,-4.01,-4.38,-4.59,-5.27,-5.64,-5.65,-5.77,-5.58
-4.32,-5.85,-6.9,-7.3,-5.74,-5.05,-3.56,-1.78,-1.26,-1.07,-1.39,-1.18,-1.98,-2.7,-2.75,-2.44,-2.54,-2.62,-2.92,-3.33,-3.4,-3.54,-3.77,-3.5,-3.34,-3.58,-4.19,-4.23,-3.82,-2.73,-0.85,0.96,1.75,1.31,-0.04,0.05,0.89,-9.24,-7.83,-2.54,0.39,-0.96,-0.11,-1.07,0.55,-0.03,-2.04,-2.46,-1.54,-2.65,-1.53,1.42,0.75,-1.36,-0.84,-0.7,-1.02,-0.89,-1.02,-4.76,-6.21,-5.56,-5,-3.74,-2.81,-3.05,-3.32,-3.79,-4.43,-4.41,-4.24,-4.2,-4.72,-4.73,-5.15,-5,-5.38,-5.6,-5.57,-5.53,-5.52
-5.8,-7.24,-7.47,-5.21,-3.28,-0.12,0.44,1.03,1.02,1.1,0.05,-0.43,-0.98,-1.23,-1.34,-1.92,-2.37,-3.11,-3.54,-3.64,-3.53,-3.73,-4.12,-4.64,-4.29,-3.87,-3.54,-3.22,-2.92,-2.21,-0.59,0.8,0.86,0.8,0.96,1.28,2.5,-1.63,-4.58,-1.31,1.24,-0.01,0.64,0.89,0.87,-1.7,-3.12,-2.44,-3.4,-4.14,1.17,-0.48,-0.29,-0.77,-0.91,-0.84,0.54,-0.6,-0.94,-1.28,-3.08,-3.73,-1.92,-0.51,-1.06,-2.59,-3.43,-3.37,-3.64,-4.64,-4.92,-4.92,-4.85,-5.37,-5.18,-5.33,-5.68,-5.5,-5.1,-5.24,-5.71
-2.69,-0.59,1.89,5.16,4.18,2.59,1.97,1.84,1.13,1.3,1.05,0,-0.36,-0.45,-1.08,-1.27,-1.77,-3.06,-3.81,-3.53,-2.85,-2.77,-2.88,-1.68,-0.51,-1.24,-1.9,-1.84,-0.67,-0.43,0.22,1.25,0.97,0.59,-0.49,0.6,2.65,-1.44,-3.81,-0.79,1.04,0.85,0.95,0.81,-0.52,-2.73,-2.83,-3.24,-3.9,-0.77,-0.16,-0.1,-0.6,-0.15,-0.52,-0.88,-3.8,-3.04,-2.13,-1.64,-1.24,-1.22,-1.6,-0.39,0.18,-2.15,-3.15,-3.89,-4.76,-5.23,-5.2,-4.75,-4.8,-5.2,-5.16,-5.44,-5.5,-5.35,-5.29,-5.91,-6.5
2.55,3.69,4.48,4.94,5.63,6.26,5.93,4.63,3.74,2.72,1.87,1.83,1.72,1.54,2.14,2.08,0.56,-0.05,0.31,0.24,-0.18,-0.2,-0.46,0.8,1.82,1.71,0.76,0.6,-0.21,0.11,0.58,0.91,0.65,0.16,0.16,0.14,1.37,0.48,-1.72,-1.78,1.22,0.06,-1.31,0.09,-1.66,-3.15,-2.55,-1.52,-0.73,1.06,-0.75,-0.65,-2.18,-1.6,-1.91,-1.92,-2.03,-2.62,-2.7,-1.87,-1.49,-1.34,-1.05,0.15,0.05,-0.19,-2.44,-3.92,-4.35,-4.81,-4.79,-4.76,-4.93,-4.96,-4.8,-4.83,-5.39,-6.23,-6.42,-7.05,-6.86
3.44,3.99,4.39,4.7,5.26,5.76,5.56,4.99,4.91,4.9,4.66,4.14,3.79,3.46,4.14,3.69,3.03,2.21,1.14,0.82,0.66,0.31,1.19,2.42,3.24,2.48,2.38,1.49,0.18,-0.13,0.27,-0.02,-0.22,0.07,0.45,0.37,-0.01,-0.22,0.12,1.63,0.11,1.07,-0.56,-2.1,-1.63,-1.17,-1.34,-0.17,1.02,0.88,-0.2,-0.74,-1.39,-0.92,-0.71,-0.67,-0.43,-2.54,-2.28,-1.78,-1.27,-0.77,0.35,-0.02,-0.45,-0.53,-1.91,-3.64,-4.26,-4.81,-4.77,-5.01,-5.36,-5.13,-4.63,-4.71,-5.75,-5.94,-5.86,-6.34,-6.65
3.55,3.77,3.97,4.19,4.69,4.83,5.3,5.1,5.18,5.13,5.26,5.33,5.28,5.38,5.47,5.5,5.1,4.59,4.2,3.48,3.11,3.42,3.84,3.86,3.52,3.19,2.68,2.25,1.4,1.1,0.86,0.47,0.43,1,1.17,0.8,0.24,0.77,-0.09,0.49,0.12,-0.17,-1.71,-1.57,-1.11,-1.26,-0.81,0.44,0.14,0.25,0.77,1.26,0.15,-1.36,-1.5,-0.17,-0.59,-1.22,-1.14,-1.39,-1.08,-1.41,-1.02,-0.82,-0.55,-0.84,-0.93,-3.73,-4.45,-4.79,-4.98,-5.18,-5.22,-5.22,-5.2,-5.49,-5.57,-5.43,-6.06,-6.37,-6.53
3.23,3.45,3.53,3.62,3.85,3.85,4.2,5.08,5.05,4.91,4.91,5,5.14,5,4.72,4.47,4.39,4.22,3.83,3.58,3.77,3.94,3.86,3.59,3.2,2.52,1.95,2.52,1.87,1.77,1.65,1.56,1.34,1.56,1.6,1.2,1.89,-0.1,-0.16,-0.08,0.32,-0.89,-0.27,-1.23,-0.31,-0.31,0.27,0.35,0.72,0.93,1.11,-0.14,-0.13,0.03,-0.15,-0.33,-0.54,-0.77,-1.12,-1.17,-1.04,-0.89,-0.81,-0.77,-0.8,-0.69,-1.31,-3.64,-4.92,-4.82,-5.03,-4.99,-4.89,-5.24,-5.8,-6.1,-5.72,-5.37,-5.09,-3.58,-2.42
3,3.22,3.24,3.4,3.36,3.42,3.71,4.04,4.36,4.23,4.27,4.32,4.34,4.35,4.47,4.35,4.31,4.11,4.02,3.96,4.08,3.89,3.62,3.6,3.42,2.77,-0.4,2.94,2.2,1.76,1.69,1.82,2.21,2.5,2.24,1.94,1.43,-0.25,-0.64,0.48,-1.08,0.13,0.93,0.82,0.13,0.48,0.48,0.2,0.35,0.53,0.59,0.56,0.61,0.87,0.57,0.23,-0.01,-0.58,-0.97,-0.77,-0.67,-0.5,-0.62,-0.9,-0.79,-0.92,-2.21,-2.41,-4.87,-5.39,-5.26,-5.22,-6.06,-6.43,-6.61,-5.95,-4.61,-3.49,-2.81,-1.56,-0.72
2.84,3.03,2.95,3.07,3.14,3.01,2.89,2.72,2.73,2.94,3.08,3.29,3.76,4.18,4.38,4.72,4.79,4.6,4.2,4.26,3.96,3.52,3.26,3.37,3.45,4.42,2.66,2.81,2.45,1.85,1.95,2.32,2.58,2.38,2.07,1.55,1.03,-0.68,0.26,-0.15,0.5,1.13,1.13,1.07,0.75,0.59,0.29,0.34,0.41,0.64,0.54,0.94,0.61,0.6,0.41,-0.09,-0.25,-0.3,-0.46,-0.33,-0.34,-0.38,-0.73,-0.78,-1.22,-1.45,-1.28,-1.06,-1.35,-1.05,-1,-4.06,-5.59,-6.33,-5.79,-4.66,-4.08,-3.42,-2.53,-1.4,-0.57
2.37,2.65,2.68,2.73,2.78,2.64,2.32,2.01,1.77,1.45,1.28,1.39,1.72,2.18,2.39,2.3,2.33,1.84,1.72,1.51,1.8,2.29,3.11,3.8,4.42,4.08,3.21,2.92,2.43,2.21,2.26,2.46,2.46,2.27,2.1,1.84,0.56,0.76,-0.32,-1.11,0.84,1.06,0.77,0.89,0.66,0.18,-0.3,-0.05,0.61,0.85,1.21,1.21,1.1,0.74,0.2,-0.04,-0.04,-0.35,-0.45,-0.5,-0.33,-0.29,-0.46,-0.44,-0.42,-0.96,-1.6,-1.45,-1.44,-1.19,-1.07,-0.88,-0.94,-4.33,-3.51,-3.26,-3.09,-2.3,-1.34,-0.07,0.94
2.16,2.33,2.34,2.34,2.33,2.34,2.14,1.83,1.47,1.35,1.22,1.53,1.7,1.61,1.89,2.54,3.44,1.79,1.44,1.51,2.26,1.94,1.58,2.02,2.04,2.73,3.16,2.84,2.26,2.18,2.32,2.37,2.29,2.28,2.25,1.53,1.27,0.92,1.25,-0.26,1.05,0.99,0.79,0.7,0.41,-0.13,-0.41,0.1,0.49,0.6,1.03,1.03,1.02,0.97,1.01,0.05,-0.09,-0.08,-0.37,-0.22,-0.29,-0.39,0.36,-0.02,-0.51,-0.87,-0.79,-1.07,-1.01,-1.01,-1.09,-1.29,-1.56,-1.28,-1.68,-1.63,0.19,-0.05,-0.05,-0.14,0.81
1.68,1.8,2.12,2.07,1.95,2.03,1.92,2.08,2.07,1.97,2.15,2.65,2.61,2.29,2.59,3.1,3.85,3.49,2.78,1.67,1.43,1.44,2,2.86,1.87,2.52,3.22,3.03,2.21,1.79,1.86,1.94,1.89,1.98,2.27,2.13,-0.09,-0.38,-0.52,-0.45,0.7,0.5,0.2,-0.34,-0.38,-0.43,-0.45,0.12,0.41,0.44,0.59,0.84,0.76,0.44,1,0.36,0.58,0.64,0.52,0.62,0.71,0.48,-0.01,0.08,0.68,0.09,-0.23,-0.25,-0.5,-0.56,-1,-0.89,-1.21,-1.98,-2.26,-2.56,-1.18,-0.31,0.38,0.92,2.17
1.45,1.73,1.75,1.65,1.95,1.96,2.06,2.42,2.73,3.19,3.43,3.64,3.86,3.22,3.11,3.75,3.89,3.61,3.25,2.55,1.32,1.49,2.67,2.98,2.94,2.93,3.3,2.94,2.31,1.43,1.3,1.25,1.51,1.99,2.59,3.1,3.32,2.74,-0.23,0.21,-0.12,-0.13,-0.32,-1,-1.03,-0.51,-0.84,-0.48,-0.26,-0.41,-0.11,0.29,0.4,0.6,0.82,0.6,0.37,0.06,0.21,0.33,0.17,0.08,-0.25,-0.11,0.29,0.91,0,0.29,-0.12,-0.89,-1.07,-1.16,-1.45,-2.28,-2.79,-3.3,-0.3,-0.24,-1.48,-1.08,2.7
1.75,1.65,1.81,2.22,2.42,2.58,2.73,2.73,2.86,3.18,3.77,3.79,3.38,3.25,3.53,3.82,3.94,3.7,3.3,2.83,3.07,3.19,3.43,3.77,3.56,3.43,3.67,2.99,2.62,1.92,1.52,0.98,1.39,2.56,3.71,5.09,5.06,4.54,-0.2,-0.29,-0.41,-0.26,-0.8,-0.42,-0.26,-0.39,-1.19,-0.92,-0.82,-0.73,-0.78,-0.1,0.36,0.14,0.64,0.59,0.36,0.4,0.47,0.04,-0.25,0.19,0.51,0.36,0.57,0.68,0.85,0.23,0.07,-0.25,-0.33,-0.87,-1.65,-2.03,-1.97,0.41,0.48,0.09,-0.28,-0.1,2.03
1.64,1.73,1.99,2.11,2.19,2.39,2.68,2.74,2.67,2.7,2.89,3.23,3.71,3.95,4.11,4.04,4.03,3.41,3.37,4.1,4.12,3.88,3.75,3.75,3.7,3.9,4.08,3.19,2.55,2.79,2.51,2.42,2.03,3.17,4.25,5.46,5.72,6.17,0.51,-2.08,0.89,-0.34,-1.03,-0.42,0.18,0.06,0.33,-1.14,-0.6,-1.06,-1.2,-0.72,-0.3,0.02,0.11,0.11,0.04,0.79,0.71,0.13,-0.05,-0.07,0.64,0.47,-0.03,0.33,0.46,0.06,-0.46,-0.57,-1.33,-1.88,-1.71,-2.78,-1.53,-1.09,-0.94,-0.43,-0.05,0.74,3.22
2.01,2.05,2.31,2.44,2.62,2.5,2.16,2.21,2.66,2.68,2.4,2.97,3.62,4.03,4.06,4.03,3.93,3.79,4.13,4.39,4.04,4.07,4.28,4.11,4.16,4.09,3.84,4.06,3.57,3.89,3.48,3.36,3.83,4.26,4.75,4.98,5.12,5.52,3.21,-2.78,0.51,0.58,-0.62,-0.24,0.06,0.34,0.67,0.74,-0.31,-0.82,-0.88,-0.11,-0.21,-0.31,-0.15,-0.24,-0.27,0.35,-0.08,0.15,0.15,0.4,0.39,0.11,-0.41,-0.13,0.17,-0.29,-0.7,-0.48,-0.49,-0.56,-0.47,-1.05,-1.43,1.14,2.26,2.94,2.5,1.95,1.6
2.09,2.3,2.52,2.89,2.9,2.69,2.23,2.07,1.97,2.23,2.56,2.79,3.24,3.58,3.53,3.38,3.48,3.61,3.7,3.6,4.15,4.15,3.88,4.17,4.58,4.54,4.53,4.52,4.28,3.7,3.49,3.41,3.7,4.02,3.88,4.17,4.42,4.26,3.38,0.96,-1.7,0.1,0.27,0.53,-0.1,0.1,0.79,0.05,-0.73,-0.7,-0.02,-0.38,-0.44,-0.26,-0.28,-0.5,-0.17,-0.43,-0.6,0.2,0.51,0.03,-0.47,-0.77,0.06,-0.5,-0.29,-1.24,-1.06,-0.68,-0.38,0.33,-0.04,0.62,-0.07,1.31,2.51,2.95,4.19,3.38,2.34
1.59,2.06,2.24,2.39,2.59,2.43,2.42,2.19,2.33,2.71,2.78,2.76,2.89,2.94,2.95,2.83,3.05,3.26,3.16,3.29,3.75,4.12,4.31,4.55,4.67,4.56,4.51,4.57,4.2,3.78,3.62,3.54,3.79,3.97,3.78,3.65,3.47,3.39,4.88,2.29,-1.29,-1.98,1.35,0.86,-0.1,-0.15,0.32,0.33,-1.38,-1.37,-1.13,-1.04,-0.85,-1.15,-1.21,-1.17,-0.54,-0.65,-0.56,0.5,0.12,-0.45,-0.67,0.14,0.45,0.51,0.33,0.61,0.14,-0.4,-0.84,0.81,2.34,2.32,1.66,2.38,3.75,3.66,2.78,2.89,1.97
0.9,1.53,1.87,1.85,1.95,2.03,2.16,2.27,2.49,2.46,2.28,2.05,2.12,2.38,2.67,2.79,2.98,3.21,3.37,3.48,3.63,3.71,4.17,4.59,5.34,5.4,4.57,4.27,4.35,3.91,3.66,3.79,3.91,4.11,4.02,3.28,2.86,2.69,3.37,2.06,2.67,-2.25,1.58,1.39,-0.44,-0.15,1.05,1.34,0.69,-1.1,-2.04,-1.61,-1.08,-0.05,-0.85,-0.95,-0.69,-0.17,0.15,0.01,-0.12,-0.33,-0.06,-0.32,0.71,0.68,1.3,1.3,1.26,1.09,0.97,1.38,1.46,1.22,2.46,4.6,3.74,2.55,2.25,1.87,2.72
0.62,0.92,1.05,1.31,1.44,1.56,1.73,1.92,2.08,1.91,1.58,1.71,1.86,1.79,1.75,1.95,2.32,2.81,3.23,3.42,3.32,3.76,4.47,4.47,4.77,4.63,4.32,4.58,4.26,3.85,3.87,4.35,4.52,4.45,4.33,3.68,3.18,2.66,2.07,2.74,0.92,1.09,-0.57,2.19,1.78,-0.47,1.07,1.38,1.55,1.48,-0.95,-0.6,0.12,-0.49,-0.95,-0.71,-0.42,-0.4,-0.35,-0.48,-0.6,-0.04,-0.15,-0.27,0.27,0.74,1.26,1.16,1.26,1.34,0.67,1.78,1.93,2.64,1.25,2.5,2.34,2.6,1.8,1.49,2.26
0.41,0.41,0.44,0.72,0.77,0.77,0.98,1.18,0.85,1.1,1.41,1.28,1.16,1.26,1.55,1.97,2.19,2.48,2.78,3.19,3.87,4.25,3.89,4.15,4.17,4.27,4.24,4.2,3.93,3.72,4.03,4.28,4.56,4.58,4.92,4.29,3.18,2.8,2.57,2.8,3.55,1.88,0.14,-0.9,1.15,-0.03,0.5,-0.48,0.46,2.16,1.99,0.06,-0.31,-0.62,-0.38,0.33,-0.59,-0.81,-0.55,-0.91,-1.07,-1.06,-0.35,0.28,0.05,1.08,1.87,1.13,1.66,1.29,1.24,1.5,1.36,1.37,0.83,0.46,1.92,3.38,1.64,1.95,2.1
-0.15,0.07,0.18,0.34,0.36,0.52,0.67,0.72,0.74,1.26,1.44,1.35,1.2,1.23,1.45,1.75,1.88,1.81,2.47,3.3,3.63,3.57,3.92,3.66,3.5,3.72,4.03,4.27,4.59,4.35,4.09,4.08,4.65,5.08,5.53,5.34,3.91,3,2.85,3.84,5.93,3.7,2.19,0.58,-3.49,-4.18,-0.75,-0.85,2.02,1.77,1.5,0.91,-0.84,-1.34,-0.81,-0.59,-0.69,-0.73,-1.21,-1.61,-1.58,-1.14,-0.51,0.22,0.82,0.48,1.13,0.81,1.01,0.89,1.3,0.78,1.47,0.78,0.67,0.19,-0.19,1.18,2.6,2.51,3.22
-0.89,-0.31,-0.07,0.2,0.34,0.64,0.71,0.46,0.3,0.65,1.17,1.04,0.95,1.29,1.76,2.19,2.33,2.09,2.47,3.02,3.29,3.74,3.88,3.62,3.67,3.74,3.61,3.48,3.6,3.78,4.2,4.05,3.99,4.26,5.1,6.05,5.67,4.74,4.34,4.84,4.94,6.97,2.15,1.02,5.06,3.47,0.74,-0.16,-0.95,0.78,0.84,1.53,1.57,-0.21,-1.21,-0.99,-1.02,-0.99,-1.01,-1.51,-0.76,-0.27,0.23,-0.4,-0.71,0.34,0.21,0.98,0.58,0.72,1.48,1.01,1.3,1.74,0.8,0.91,1.05,0.73,2.25,3.39,4.03
-1.45,-1.38,-0.95,-0.92,-0.33,-0.05,0.55,0.82,0.06,-0.02,0.75,1.26,1.08,0.99,1.28,1.99,2.14,2.31,2.81,3.01,3.33,3.48,3.63,4.01,4.14,3.77,3.38,2.93,3.25,3.93,4.28,4.48,4.42,4.29,4.68,5.48,6.38,6.53,5.74,5.32,5.45,5.05,5.48,3.74,2.25,1.6,3.1,0.64,-2.06,-0.17,1.76,0.72,0.98,1,-0.37,-0.74,-0.86,-1.4,-1.4,-0.47,0,0.01,-1.05,-0.98,-0.52,0.81,0.54,0.01,0.3,-0.15,0.27,0.92,0.59,1.69,1.69,0.28,0.13,0.91,1.35,2.81,3.6
-2.64,-2,-1.64,-1.42,-1.03,-0.45,-0.04,0.52,0.24,0.2,0.65,0.82,0.52,0.48,0.95,1.5,1.77,2.21,2.27,2.64,3.11,3.29,3.58,3.61,3.85,3.83,3.67,3.19,3.06,3.44,3.91,4.16,4.52,4.59,4.57,4.62,4.88,5.21,5.24,4.86,4.76,4.99,4.77,4.05,3.58,3.3,1.67,1.41,-0.2,-2.69,-1.26,-2.24,2.05,0.86,-0.74,-1.61,-1.68,-1.57,-0.68,-0.77,-0.71,-1.01,-0.62,-0.85,-0.34,0.35,0.43,-0.3,-0.53,-0.48,-0.79,-0.66,-0.13,0.54,0.82,1.07,0.64,0.22,1,1.74,2.36
