public/data/weather/current/current-wind-isobaric-1000hPa-gfs-1.0.json
{"header": { "discipline": 0, "disciplineName": "Meteorological products", "gribEdition": 2, "gribLength": 133585, "center": 7, "centerName": "US National Weather Service - NCEP(WMC)", "subcenter": 0, "refTime": "2013-11-30T18:00:00.000Z", "significanceOfRT": 1, "significanceOfRTName": "Start of forecast", "productStatus": 0, "productStatusName": "Operational products", "productType": 1, "productTypeName": "Forecast products", "productDefinitionTemplate": 0, "productDefinitionTemplateName": "Analysis/forecast at horizontal level/layer at a point in time", "parameterCategory": 2, "parameterCategoryName": "Momentum", "parameterNumber": 3, "parameterNumberName": "V-component_of_wind", "parameterUnit": "m.s-1", "genProcessType": 2, "genProcessTypeName": "Forecast", "forecastTime": 6, "surface1Type": 100, "surface1TypeName": "Isobaric surface", "surface1Value": 100000, "surface2Type": 255, "surface2TypeName": "Missing", "surface2Value": 0, "gridDefinitionTemplate": 0, "gridDefinitionTemplateName": "Latitude_Longitude", "numberPoints": 65160, "shape": 6, "shapeName": "Earth spherical with radius of 6,371,229.0 m", "gridUnits": "degrees", "resolution": 48, "winds": "true", "scanMode": 0, "nx": 360, "ny": 181, "basicAngle": 0, "subDivisions": 0, "lo1": 0, "la1": 90, "lo2": 359, "la2": -90, "dx": 1, "dy": 1 }, "data":
[rows 72 to 107 of 181, columns 164 to 245 of 360]
-1.9,-2.44,-2.52,-2.27,-1.98,-1.92,-2.2,-2.65,-3.28,-3.27,-2.67,-2.28,-2.21,-2.78,-3.61,-4.59,-5.76,-6.51,-6.77,-6.95,-6.94,-6.59,-6.31,-6.38,-6.29,-5.48,-3.96,-2,-0.61,-0.14,0.35,1.01,1.34,2.01,4.04,6.23,7.53,7.35,5.41,3.88,3.56,3.51,2.44,2.32,2,2.05,1.18,0.38,-0.3,-1.03,-1.78,-2.99,-3.88,-4.7,-5.14,-5.3,-6.21,-7.67,-8.3,-8.59,-8.84,-8.73,-8.6,-8.78,-9.27,-9.44,-9.1,-8.59,-8.44,-8.25,-9.38,-3.2,2.75,2.47,-0.49,-7.17,-2.83,-4.39,-5.83,-5.64,-4.16,-3
-2.17,-2.52,-2.64,-2.54,-2.58,-2.81,-2.94,-2.82,-2.69,-2.66,-2.49,-2.35,-2.61,-3.24,-4.02,-4.72,-5.37,-5.68,-5.69,-5.89,-5.92,-5.82,-5.47,-5.07,-4.57,-3.94,-3.01,-1.99,-1.39,-0.79,0.05,0.35,0.66,1.6,3.06,4.94,6.64,5.88,3.76,2.64,2.16,2.08,1.93,1.64,2.06,1.85,1.19,0.23,-0.8,-1.6,-2.04,-2.47,-3.25,-3.76,-4.65,-5.75,-6.44,-7.29,-8.25,-8.74,-9.06,-9.47,-9.97,-10.1,-9.52,-9,-9.15,-9.22,-8.9,-8.24,-7.02,-0.96,-0.77,-1.79,-4.67,3.25,0.32,-2.87,-3.98,-3.05,-1.83,-1.11
-2.02,-2.34,-2.5,-2.6,-2.91,-3.13,-3.26,-3.25,-3.21,-3.09,-2.91,-2.93,-3.11,-3.49,-3.9,-4.27,-4.75,-4.82,-4.67,-4.62,-4.84,-5.21,-5.11,-4.58,-4.26,-3.63,-2.31,-1.5,-1.38,-0.53,-0.17,-0.38,-0.3,1.62,3.76,4.17,5.1,3.57,3.35,2.3,0.93,0.41,0.79,1.03,1.19,1.13,0.88,0.39,-0.56,-1.73,-2.66,-3.37,-3.81,-4.43,-4.83,-5.26,-5.91,-6.51,-7.43,-8.5,-9.31,-9.6,-9.33,-9.04,-8.6,-9.41,-9.16,-7.26,-5.57,-5.36,-3.42,-1.58,-0.01,-2.12,-0.97,2.15,1.09,0.4,-0.57,-0.68,-0.42,0.14
-2.65,-2.46,-2.34,-2.58,-2.85,-3.05,-3.13,-3.33,-3.73,-3.93,-3.77,-3.46,-3.33,-3.46,-3.69,-4.02,-4.09,-4.05,-4.01,-4.09,-4.41,-4.76,-4.96,-4.78,-4.31,-3.62,-3.15,-2.85,-2.12,-1.52,-1.84,-1.62,-0.43,2.77,4.3,4.05,3.95,3.65,2.98,2.23,1.15,0.15,-0.33,-0.09,0.18,0.24,0.27,0.1,-0.6,-1.44,-2.47,-3.49,-4.23,-4.87,-5.64,-6.43,-7.17,-7.77,-8.14,-8.59,-9.31,-9.47,-9.93,-9.99,-9.54,-8.06,-5.5,-4.37,-4.14,-3.11,-0.98,-0.43,-0.79,-2,-1.06,-0.22,3.83,4.8,4.31,3.55,3.73,3.34
-3.69,-3.01,-2.75,-2.83,-3.1,-3.22,-3.38,-3.74,-4.18,-4.2,-3.91,-3.8,-3.82,-3.86,-3.88,-3.94,-4.2,-4.39,-4.34,-4.38,-4.7,-5.18,-5.65,-6.02,-6,-5.19,-4.44,-3.95,-3.41,-3.14,-2.37,-1.09,1.08,3.17,4.03,3.58,3.12,2.5,2.04,1.92,1.68,1.4,0.13,-0.82,-1.09,-1.4,-1.46,-1.3,-1.71,-2.32,-3.17,-3.86,-4.72,-5.61,-6.42,-7.1,-7.59,-7.82,-8.28,-8.73,-9.1,-9.67,-9.63,-8.17,-6.3,-4.64,-3.75,-3.16,-2.39,-0.98,0.51,0.31,-1.53,-2.57,-2.1,-0.5,3.5,4.91,4.81,4.17,3.74,3.34
-5.06,-4.55,-3.95,-3.54,-3.67,-3.83,-3.88,-3.93,-3.82,-3.69,-3.79,-3.99,-4.1,-4.12,-4.23,-4.42,-4.58,-4.81,-5.21,-5.44,-5.44,-5.41,-5.44,-5.33,-4.95,-4.21,-4.17,-3.73,-3.04,-1.75,-0.37,1.7,2.35,2.81,3.36,2.31,1.58,1.17,1.07,0.8,0.93,0.95,-0.14,-1.13,-1.62,-2.18,-2.63,-3.06,-3.24,-3.78,-4.69,-4.87,-5.35,-6.03,-6.7,-7.07,-7.14,-7.56,-8,-7.83,-8.01,-7.6,-7.04,-6.5,-5.25,-3.12,-2.19,-1.79,-0.77,0.55,0.1,-0.71,-2.16,-3.12,-2.18,-1.52,2.15,3.68,4.84,3.56,3.68,4.21
-3.71,-4.39,-5,-4.88,-4.63,-4.64,-4.57,-4.52,-4.37,-4.39,-4.37,-4.24,-4.4,-4.81,-5.24,-5.39,-5.49,-5.45,-5.51,-5.68,-5.34,-4.44,-3.34,-2.37,-1.95,-2.1,-2.43,-2.12,-1.2,0.08,2.35,2.66,1.74,1.9,1.25,0.11,0.65,1.12,0.66,-0.15,-0.04,-0.42,-0.93,-1.61,-2.38,-2.61,-3.15,-3.74,-4.2,-4.67,-5.06,-5.3,-5.81,-6.27,-6.51,-6.49,-6.72,-6.97,-6.68,-6.54,-6.1,-5.7,-5.59,-5.59,-4.01,-1.67,-0.92,0.49,1.58,0.66,1.05,0.53,0.27,-0.41,-0.69,-0.29,1.83,2.65,5.57,4.66,2.99,3.88
-2.88,-2.72,-3.2,-4.84,-5.45,-5.09,-5.06,-5,-5.11,-5.01,-4.87,-4.96,-5.16,-5.17,-5.38,-5.76,-5.72,-5.25,-4.76,-3.69,-2.65,-1.93,-1.56,-1.64,-1.12,-0.89,-1.14,-1.52,-0.59,2.2,3.58,1.18,1.05,1.27,-0.36,0.26,0.44,0.17,-0.84,-0.84,-1.15,-1.82,-1.67,-2.24,-3.06,-3.35,-3.89,-4.42,-4.96,-5.21,-5.18,-5.37,-5.61,-5.69,-5.57,-5.17,-5.05,-4.98,-5.13,-5.1,-5.08,-5.24,-5.14,-4.57,-1.87,0.28,0.44,2.25,2.56,1.79,1.2,1.49,4.35,4.51,3.12,3.11,3.72,1.4,3.75,5.07,4.12,3.99
-2.01,-2.12,-2.73,-2.91,-3.97,-5.29,-6.24,-6.32,-5.98,-5.87,-5.84,-5.7,-5.6,-5.72,-5.47,-5,-4.36,-3.65,-3.11,-2.85,-2.53,-2.11,-1.19,-0.03,0.32,0.01,-1.02,-1.19,0.5,1.62,0.34,-0.12,0.66,0.98,0.23,0.25,0.48,0.18,-0.64,-1.78,-3.15,-2.52,-2.09,-2.56,-3.39,-4.17,-4.38,-4.79,-5.14,-5.81,-5.77,-5.31,-5.21,-4.72,-3.42,-3.11,-2.83,-3.31,-3.44,-3.48,-3.29,-3.4,-3.05,-1.34,0.32,0.91,2.63,4.49,3.22,2.79,2.15,2.24,4,3.67,3.47,3.27,1.01,1.2,3.71,4.16,3.81,3.21
-1.67,-2.21,-2.4,-3.13,-3.5,-3.29,-3.27,-3.84,-4.29,-5.02,-5.73,-5.91,-5.73,-5.13,-4.14,-3.49,-2.18,-0.9,-0.95,-1.05,-0.44,-0.19,-0.25,-0.34,-0.58,0.01,-1.14,-0.78,0.12,-0.49,-0.88,0.32,-0.84,-0.14,-0.27,-0.57,0.95,1.28,-0.19,-2.17,-1.61,-1.01,-1.97,-2.94,-3.92,-4.37,-4.61,-4.64,-5.2,-5.96,-6.31,-6.02,-4.5,-2.98,-2.05,-1.12,-1.22,-1.06,-0.81,-1.32,-0.83,-0.62,0.07,0.96,1.33,3.59,5.22,5.06,3.73,3.64,3.84,2.95,1.89,3.64,3.02,1.59,2.32,4.44,4.13,4.94,6.39,6.49
-1.37,-1.47,-2.13,-2.62,-2.44,-1.74,-1.07,-1.28,-2.87,-4.07,-4.33,-4.23,-4.06,-3.23,-2.35,-0.71,0.67,0.72,0.62,0.24,0.58,0.61,-0.01,-0.69,-0.8,-0.04,-0.24,-0.71,-0.82,-1.26,-0.35,0.3,-0.33,-1.01,-1.5,-0.67,1.4,1.8,0.09,-3.21,-1.27,3.9,1.85,-0.99,-2.18,-3.12,-4.44,-4.61,-3.85,-3.12,-2.58,-2.12,-0.02,2.29,2.37,1.06,0.63,1.08,0.36,-0.5,-0.04,0.74,1.43,2.85,4.52,5.45,5.64,5.68,5.01,3.77,3.79,4.6,5.38,3.81,3.32,5.08,5.87,6.21,6.5,7.01,7.19,6.91
-2.69,-2.25,-1.53,-1.06,-1.42,-1.99,-2.07,-2.04,-2.3,-2.98,-3.67,-3.55,-2.39,-1.32,0.77,2.19,2.29,0.69,0.47,0.18,0.03,-0.13,-0.19,-0.54,-0.5,-0.34,-0.57,-0.47,-0.55,-0.45,-0.48,-0.59,-0.1,-0.75,-0.86,0.25,1.25,1.41,0.05,-1.07,-0.07,1.75,1.21,-1.99,-2.63,-3.77,-3.37,1.64,4.67,2.87,2.33,3.76,4.19,4.32,2.28,2.61,2.69,1.66,1.21,1.03,-0.04,0.49,2.4,3.36,4.21,5.46,5.58,5.06,5.49,6.23,6.62,6.68,6.34,6.05,6.4,6.59,7.54,7.94,8.44,8.54,8.21,7.86
-2.69,-2.26,-1.59,-1.09,-1.56,-1.52,-0.97,-1.15,-2.01,-2.48,-2.48,-2.14,-0.77,1.63,3.28,2.61,2.02,1.77,0.21,-0.09,0.04,0.02,-0.35,-0.93,-1.15,-0.99,0.1,0.67,-0.28,-1.17,-0.63,0.11,-1.16,-1.09,-0.18,0.37,1.17,0.75,-0.24,-0.39,-0.09,0.21,0.54,-0.63,-0.93,-0.68,0.83,3.47,3.97,4.4,5.43,5.15,5.41,6.08,5.44,3.82,2.87,2.45,2.64,2.55,3.23,3.25,3.6,4.21,5.46,5.38,5.15,5.34,5.89,6.31,6.33,5.64,5.53,6.03,6.43,7.07,7.37,7.55,7.67,7.6,7.5,7.41
-2.6,-1.33,-0.54,-0.63,-0.73,-1.77,-2.11,-2.18,-2.53,-2.54,-1.79,0.27,1.9,3.16,2.79,2.33,2.09,1.16,0.41,0.27,0.17,-0.35,-0.79,-0.78,-0.54,0.18,0.72,0.83,1.5,1.49,1.17,0.82,1.17,1.5,1.48,2.15,2.19,2.22,1.92,1.24,1.17,1.71,1.66,1.15,0.4,1,2.6,3.44,3.75,4.62,4.61,4.93,5.24,4.94,5.29,5.58,5.38,4.52,3.69,4.29,5.07,4.98,5.25,5.18,4.86,4.93,5.14,5.59,5.95,5.98,5.65,5.39,5.77,6.18,6.42,6.49,6.75,6.94,7.13,7.13,7.17,7.17
-1.73,-0.09,0.27,-0.17,-0.57,-0.3,-1.01,-0.96,-0.85,-1.34,-0.4,1.35,2.68,2.69,2.49,2.31,1.9,1.27,0.98,1.17,1.06,0.9,0.74,0.94,1.42,1.45,1.08,1.03,1.09,1.26,1.24,0.98,0.97,1.29,1.49,1.41,1.34,1.2,1.29,1.4,1.41,1.41,1.13,1.22,1.9,2.01,2.13,2.68,3.27,3.29,3.11,3.47,3.76,4.15,4.43,4.17,4.19,4.56,4.9,5.45,5.5,5.51,4.94,4.59,4.72,4.84,4.97,5.47,5.36,4.91,4.68,5.12,5.63,5.85,5.83,6.03,6.46,6.82,6.87,6.89,6.86,6.75
-0.96,-0.07,0,-1.05,-0.52,-0.1,0.84,0.33,-0.12,0.5,1.04,1.43,1.81,1.83,1.75,1.59,1.31,1.15,1.06,0.58,0.25,0.36,0.76,1.31,1.73,1.67,1.25,0.82,0.64,0.55,0.91,0.71,0.49,0.58,0.7,0.8,0.8,0.85,0.96,1.11,1.13,1,0.88,1.15,1.38,1.57,1.66,1.85,2.11,2.34,2.84,2.98,3.02,3.28,3.45,3.38,3.31,3.84,4.54,4.72,4.86,4.83,4.77,4.79,4.77,4.68,4.89,5.05,4.94,4.48,4.49,4.81,5.42,5.5,5.77,6.13,6.3,6.6,6.54,6.52,6.45,6.38
-2.3,-1.93,-1.42,-1.47,0.66,1.69,1.75,1.96,1.98,1.53,1.09,1.2,1.31,1,0.83,0.85,1.01,1.08,0.94,0.14,-0.44,-0.72,-0.58,-0.04,0.32,0.33,0.3,0.15,0.04,-0.32,-0.44,-0.36,-0.29,-0.13,0.14,0.21,0.28,0.28,0.34,0.56,0.57,0.48,0.68,0.88,0.89,0.73,0.62,0.92,1.37,1.9,2.16,2.05,2.2,2.42,2.77,3.42,4.22,4.65,4.2,4,4.27,4.25,4.42,4.72,4.76,4.68,4.73,4.61,4.51,4.41,4.52,5.14,5.15,5.31,5.63,5.97,6.2,6.13,5.88,5.81,5.96,6.34
-3.05,-3.04,-2.48,-0.3,1.41,1.99,1.84,1.69,1.66,1.54,1.22,0.87,0.57,0.35,0.24,0.35,0.22,-0.03,-0.22,-0.45,-0.73,-1.38,-1.12,-0.37,-0.09,-0.28,-0.39,-0.47,-0.52,-0.8,-1.07,-0.76,-0.57,-0.32,-0.3,-0.21,-0.08,-0.57,-0.62,-0.16,0.15,0.17,0.35,0.55,0.61,0.66,0.82,1.08,1.32,1.46,1.43,1.56,1.81,1.97,2.15,2.66,3.42,3.54,3.37,3.2,3.36,3.56,3.86,4.09,4.23,4.29,4.45,4.44,4.36,4.51,4.74,5.13,5.19,5.35,5.61,5.87,5.82,5.54,5.11,4.97,5.53,6.22
-3.99,-3.27,-2.76,-0.92,1.07,1.47,1.32,1.36,1.42,1.27,0.8,0.26,-0.24,-0.55,-0.59,-0.43,-0.53,-0.83,-1.05,-1.17,-1.03,-0.96,-1.22,-0.97,-1.2,-1.76,-1.93,-1.71,-1.42,-1.15,-1.35,-1.11,-0.85,-0.7,-0.51,-0.28,-0.28,-0.48,-0.94,-0.93,-0.5,-0.44,-0.28,0.03,0.3,0.62,1.03,1.4,1.49,1.55,1.49,1.52,1.7,1.73,1.78,2.05,2.32,2.29,2.35,2.45,2.64,2.79,3.07,3.12,3.35,3.51,3.8,4.26,4.43,4.49,4.69,4.97,5.02,5.08,5.04,5.24,5.12,5.46,5.53,5.41,5.59,5.91
-3.9,-3.47,-2.71,-0.05,0.92,0.89,0.81,0.76,0.49,0.08,-0.52,-1.21,-1.78,-1.95,-1.77,-1.68,-1.9,-1.93,-1.42,-1.15,-1.11,-1.16,-1.54,-1.79,-2.35,-2.43,-2.43,-2.87,-2.43,-1.86,-1.74,-1.58,-1.18,-0.86,-0.66,-0.51,-0.26,-0.24,-0.84,-1.27,-1.21,-1.14,-0.97,-0.51,0.1,0.12,0.4,0.9,0.99,1.02,1.01,1.33,1.54,1.65,1.7,1.92,2.06,2.07,2.14,1.92,2.15,2.22,2.52,2.5,2.45,2.62,3.16,3.73,4.06,3.93,4.05,4.12,4.32,4.44,4.31,4.27,4.24,4.58,5.27,5.49,5.27,5.3
-4.71,-3.96,-2.02,-0.15,0.05,0.16,0.18,-0.2,-0.85,-1.4,-2.12,-2.7,-2.96,-2.92,-2.79,-2.91,-2.9,-2.28,-1.47,-1.28,-1.46,-1.66,-1.97,-2.64,-2.71,-2.98,-3.63,-3.38,-3.12,-2.65,-2.38,-2.04,-1.62,-1.28,-1.05,-0.74,-0.73,-0.86,-0.8,-1.73,-1.85,-1.31,-1.11,-0.92,-0.61,-0.66,-0.42,-0.05,0.02,0.12,0.58,0.59,0.85,1.06,1.36,1.8,1.97,1.72,1.46,1.56,1.55,1.87,1.9,1.75,1.8,2.29,2.68,2.99,3.35,3.17,3.28,3.53,3.75,3.91,4.12,4.12,4.05,3.86,4.14,4.3,4.4,4.56
-4.66,-3.74,-2.6,-1.22,-0.45,-0.29,-0.53,-1.2,-1.84,-2.94,-3.95,-4.1,-3.95,-3.8,-3.61,-3.33,-2.82,-2.18,-2.13,-2.53,-2.66,-2.61,-2.78,-3.17,-3.06,-3.08,-3.14,-2.6,-2.79,-3.17,-2.63,-2.4,-2.05,-1.73,-1.4,-1.32,-1.37,-1.05,-1.05,-1.49,-2.17,-1.59,-1.43,-1.14,-1.06,-1.14,-1.17,-1.14,-0.6,-0.36,0.13,0.2,-0.03,0.08,0.21,0.68,1.21,1.36,1.14,1.1,1.14,1.12,1.05,1.27,1.52,1.6,1.82,2.34,2.86,2.99,2.94,3.08,3.48,3.94,4.7,4.76,4.71,4.4,4.06,4.09,4.26,4.55
-2.8,-2.51,-2.17,-1.44,-1.22,-1.25,-1.83,-2.17,-2.4,-3.7,-4.78,-5.19,-4.96,-4.41,-3.65,-2.69,-1.69,-1.88,-3.01,-3.38,-3.34,-3.23,-3.35,-3.65,-3.59,-3.43,-3.55,-3.59,-2.97,-2.69,-2.92,-2.81,-2.38,-1.95,-1.77,-1.77,-1.57,-1.16,-1.17,-1.15,-2.22,-2.81,-2.92,-2.47,-1.72,-1.2,-1.51,-1.61,-1.42,-0.75,-0.47,0.21,0.18,-0.7,-1.11,-0.63,-0.18,0.4,0.64,0.53,1.09,1.15,0.87,1.48,1.84,1.71,1.64,2,2.49,2.85,2.87,3.01,3.33,3.5,3.81,4.23,4.4,4.44,4.39,4.28,4.22,4.38
-2.37,-2.15,-1.1,-1.07,-1.89,-2.65,-2.41,-2.26,-3.29,-3.27,-2.57,-2.65,-3.1,-3.32,-2.65,-1.45,-1.73,-1.95,-1.86,-2.66,-3.4,-3.91,-4.31,-4.53,-4.42,-4.18,-3.81,-3.64,-3.51,-3.12,-3.15,-3.22,-2.9,-2.64,-2.42,-2.21,-1.83,-1.54,-1.48,-1.55,-1.4,-2.47,-2.58,-2.74,-2.63,-2.25,-1.92,-1.67,-1.31,-1.1,-0.91,-0.75,-0.54,-0.45,-1.58,-1.99,-0.95,-0.21,0.33,0.11,0.16,0.81,1.19,1.08,1.59,2.13,2.13,2.07,2.21,2.64,3,3.21,3.57,3.63,3.67,3.88,3.95,4.12,4.44,4.42,4.38,4.35
-2.53,-1.52,-1.03,-1.63,-2.58,-1.91,-1.72,-1.21,1.36,0.99,0.43,-0.29,-0.97,-1.48,-1.26,-1.59,-1.61,-2.03,-2.31,-2.41,-2.93,-3.14,-3.45,-4.54,-5.25,-4.76,-4.34,-4.12,-4.14,-3.87,-3.62,-3.55,-3.32,-3.19,-2.96,-2.56,-2.06,-1.67,-1.43,-1.64,-1.35,-1.83,-1.94,-2.35,-2.94,-2.97,-2.84,-2.71,-2.26,-1.82,-1.72,-1.86,-1.75,-1.39,-0.94,-2.2,-1.89,-1.05,-0.23,0.24,-0.45,0.14,0.81,0.99,0.97,1.17,1.57,1.78,1.92,2.31,3.03,3.65,4.07,4.1,3.96,3.73,3.79,4.12,4.32,4.42,4.4,4.29
-3.01,-2.48,-2.3,-2.43,-0.67,0.71,2.11,3.44,2.77,1.38,1.68,1.62,0.72,-0.08,-0.79,-0.83,-0.72,-0.63,-0.95,-1.78,-2.26,-2.48,-2.98,-3.46,-4.12,-5,-5.65,-5.4,-4.54,-4.12,-3.9,-3.78,-3.63,-3.39,-3.1,-2.73,-2.39,-2.01,-1.49,-1.54,-1.43,-1.86,-2.54,-2.85,-3.21,-3.4,-3.19,-3.34,-3.45,-3.31,-3.05,-2.8,-2.92,-2.55,-1.92,-2.12,-2.75,-1.97,-1.31,-0.54,-0.5,-0.43,0.15,0.56,0.92,0.93,0.89,1.23,1.56,2,2.6,3.17,3.65,4.05,4.35,4.52,4.32,4.28,4.22,4.28,4.23,4.27
-3.29,-2.66,-1.84,-1.3,-0.63,0.68,2.64,2.73,2.41,2.05,1.83,2.02,1.01,0.08,-0.56,-0.7,-0.45,-0.68,-0.78,-1.04,-1.45,-1.95,-2.33,-2.42,-3.37,-4.89,-4.98,-6.07,-5.08,-4.27,-3.9,-3.62,-3.55,-3.35,-3.09,-2.93,-2.59,-1.88,-1.76,-1.94,-2.16,-2.55,-2.48,-3.29,-3.54,-3.87,-3.99,-4,-4.06,-4.19,-4.27,-3.97,-3.84,-3.65,-2.95,-2.2,-2.87,-3.08,-2.33,-1.87,-1.28,-0.93,-0.49,-0.13,0.27,0.49,0.46,0.6,0.82,1.19,1.57,2.09,2.58,3.08,3.54,3.93,4.06,4.1,4.34,4.41,4.32,4.33
-3.44,-2.69,-1.62,-1.08,0.12,0.96,1.68,1.67,1.01,0.87,1.85,2.18,1.39,0.28,0.34,0.48,0.81,1.21,0.62,0.35,-0.27,-0.71,-0.29,-0.64,-1.69,-4.59,-4.65,-4.14,-4.78,-4.14,-3.86,-3.61,-3.46,-3.32,-3.35,-3.37,-3.06,-2.63,-2.35,-2.58,-2.63,-1.74,-2.22,-3.62,-3.92,-4.3,-4.7,-4.95,-5.3,-5.26,-5.04,-5.01,-4.76,-4.77,-4.32,-3.16,-2.53,-3.2,-3.13,-2.72,-2.4,-2.19,-1.66,-0.94,-0.76,-0.37,-0.08,-0.16,-0.07,0.2,0.61,1.06,1.57,1.99,2.38,2.8,2.98,3.16,3.43,3.7,3.9,4.12
-3.54,-2.8,-1.84,-0.31,-0.13,0.44,0.89,0.84,0.55,1.23,1.69,1.56,0.8,0.13,-0.52,-0.49,0.12,1,1.77,1.79,1.22,0.56,-0.04,-0.5,-2.14,-4.52,-5.73,-5.27,-4.51,-3.91,-4.08,-4.19,-3.97,-3.56,-3.41,-3.14,-2.63,-2.32,-2.01,-1.61,-1.61,-2.02,-2.44,-3.37,-3.84,-3.94,-4.05,-3.67,-4.13,-4.8,-5.73,-5.85,-5.68,-5.4,-5.38,-4.59,-3.18,-2.69,-3.11,-3.07,-2.83,-2.63,-2.61,-2.24,-2.02,-1.81,-1.31,-1.16,-1,-0.56,-0.03,0.34,0.62,0.85,1.02,1.36,1.75,2,2.22,2.43,2.86,3.43
-3.33,-2.37,-1.9,-1.16,-0.56,0.18,0.51,0.88,1.49,1.89,2.08,1.05,0.83,0.47,-0.23,-0.29,1.29,2.19,3.04,3.46,2.73,1.58,0.82,0.73,-1.27,-3.93,-5.46,-5.14,-4.36,-4.17,-4.8,-4.7,-3.69,-3.28,-2.52,-1.8,-1.52,-1.64,-1.95,-1.98,-2.12,-2.99,-3.2,-2.96,-3.49,-3.83,-3.66,-4.06,-3.84,-4.44,-5.07,-6.23,-6.63,-6.22,-5.86,-5.56,-4.63,-3.6,-3,-3.06,-2.97,-2.58,-2.57,-2.78,-3,-3.06,-2.49,-1.73,-1.26,-0.84,-0.57,-0.4,-0.21,-0.04,0.16,0.33,0.53,0.74,0.78,0.83,1.71,2.52
-2.65,-1.37,-2.17,-2.1,-1,-0.3,0.43,0.85,1.31,1.46,1.35,1.58,1.77,1.26,0.7,1.73,2.24,2.77,3.09,4.01,4.31,2.07,0.55,0.61,0.02,-2.65,-4.52,-4.59,-4.46,-3.85,-3.56,-3.37,-3.2,-3.4,-2.12,-1.61,-1.03,-1.22,-1.61,-2.11,-2.66,-2.75,-3.01,-3.21,-2.38,-2.12,-2.06,-2.68,-3.11,-3.79,-5.09,-6.03,-6.9,-6.74,-6.51,-6.39,-6.13,-4.99,-4.07,-3.42,-3.24,-3.41,-3.44,-3.43,-3.5,-3.81,-3.33,-2.45,-1.78,-1.38,-1.2,-1.03,-0.85,-0.59,-0.28,-0.07,0.14,0.17,0.55,0.93,1.15,1.72
-2.39,-2.03,-1.58,-1.74,-1.22,-1.06,-0.4,0.23,1.08,0.95,0.84,1.21,1.53,2.04,2.53,2.24,2.39,2.43,3.55,4.44,4.89,3.19,0.29,-0.2,1.42,-1.92,-3.94,-3.63,-3.57,-2.65,-1.63,-0.9,-0.28,-0.46,-0.8,0.33,1.11,0.12,-0.13,-0.25,-0.78,-0.3,-0.09,0.01,0.13,0.06,-0.19,0.39,0.12,-0.93,-2.48,-4.42,-5.88,-7.17,-7.19,-5.62,-3.22,-2.64,-1.67,-3.33,-4.66,-4.93,-4.56,-4.37,-4.32,-4.46,-4.21,-3.77,-3.02,-2.34,-1.88,-1.6,-1.67,-1.55,-1.27,-0.39,0.13,0.41,-0.08,0.19,0.71,1.26
-1.37,-1.77,-0.87,-0.62,-1.86,-2.03,-1.59,-0.53,-0.23,-0.28,0.45,0.98,1.1,0.97,1.31,1.69,2.18,3.59,4.45,5.06,4.57,3.38,1.65,1.7,1.24,-0.2,-2.75,-2.74,-2.33,-2.54,-1.72,-0.67,0.08,0.4,0.77,1.5,1.83,2.92,2.59,2.44,2.07,1.46,1.58,1.75,2.28,2.94,3.17,2.4,1.67,1.25,-0.88,-3.38,-5.06,-5.04,-5.49,-6.42,-6.41,-6.17,-4.08,-1.05,-2.83,-3.83,-5.58,-5.46,-5.31,-5.47,-5.09,-4.79,-4.07,-3.29,-2.58,-2.12,-1.8,-1.63,-1.38,-0.49,0.02,-0.26,-0.06,0.89,1.76,2.36
0.34,0.86,-0.08,-0.03,-1.34,-1.82,-1.33,-0.97,-1.13,0.29,0.41,0.05,0.28,0.38,1.24,2.5,3.13,3.97,5.09,5.52,4.54,2.54,2.48,1.77,0.63,0.62,1.63,1,-1.89,-1.09,0.22,0.72,1.05,1.75,2.88,2.83,3.14,3.65,3.48,3.01,3.03,2.94,2.78,3.1,3.66,4.11,4.46,4.51,3.96,2.91,1.57,-0.29,-2.01,-3.41,-6.19,-8.35,-6.92,-6.21,-6.03,-5.53,-5.3,-6.09,-5.5,-6.89,-6.62,-6.31,-5.71,-5.43,-4.86,-3.99,-3.19,-2.49,-2.43,-2.24,-1.57,-1.08,-0.84,-0.14,1.04,1.19,1.13,1.75
0.07,1.57,-0.81,-2.41,-0.91,-0.65,-0.22,-0.52,-0.63,0,0.02,0.15,0.07,0.39,0.17,0.45,3.61,4.6,5.38,5.3,4.6,2.69,2.65,1.22,-0.64,-0.04,1.04,1.24,1.19,1.36,1.1,1.46,2.39,2.86,2.57,2.54,2.94,3.4,3.39,2.7,2.26,2.59,3.06,3.55,3.96,4.21,4.99,5.18,4.88,3.72,2.63,2,0.39,-2.51,-4.62,-7.48,-7.89,-7.89,-8.08,-6.42,-5.58,-7.6,-7.27,-6.34,-6.58,-7.92,-7.07,-6.19,-5.38,-4.97,-4.02,-3.16,-2.98,-2.38,-2.04,-1.43,-0.15,0.19,-0.04,0.09,0.9,1.72
-1.37,-1.43,-1.08,-2.34,-2.54,-1.3,-1.42,-0.42,0.36,0.39,-0.86,-0.16,0.37,-0.28,3.36,2.9,2.62,4.33,5.84,5.5,4.71,3.85,3.43,2.53,2.37,2.38,1.16,0.69,1.46,1.47,1.7,1.87,2.32,2.55,2.52,2.29,2.11,2.3,2.82,2.45,2.08,2.44,3.22,3.33,3.53,3.98,4.27,4.86,4.84,4.95,4.98,3.71,2.34,-0.25,-2.78,-5.61,-6.32,-6.11,-6.11,-4.83,-3.58,-6.72,-8.27,-8.14,-7.78,-7.06,-8.06,-6.92,-6.09,-5.67,-4.84,-4.23,-3.47,-3.01,-2.19,-1.48,-1.42,-0.95,-0.41,0.13,0.73,1.09
