public/data/weather/current/current-wind-surface-level-gfs-1.0.json
{"header": { "discipline":0, "gribEdition":2, "gribLength":65588, "center":7, "subcenter":0, "refTime":"2014-01-20T00:00:00.000Z", "significanceOfRT":1, "productStatus":0, "productType":1, "productDefinitionTemplate":0, "parameterCategory":2, "parameterNumber":3, "parameterUnit":"m.s-1", "genProcessType":2, "forecastTime":0, "surface1Type":103, "surface1Value":10.0, "surface2Type":255, "surface2Value":0.0, "gridDefinitionTemplate":0, "numberPoints":65160, "shape":6, "gridUnits":"degrees", "resolution":48, "winds":"true", "scanMode":0, "nx":360, "ny":181, "basicAngle":0, "subDivisions":0, "lo1":0.0, "la1":90.0, "lo2":359.0, "la2":-90.0, "dx":1.0, "dy":1.0 }, "data":
[rows 72 to 107 of 181, columns 162 to 242 of 360]
0.21,0.56,0.71,0.95,1.45,3.11,3.85,4.23,4.45,4.54,3.67,2.63,1.41,1.13,1.34,1.56,1.68,1.58,1.26,1.22,2.59,1.81,0.8,0.32,-0.09,-0.26,-0.43,-0.7,-0.61,-0.25,-0.4,-1.04,-1.61,-2.01,-2.25,-2.77,-3.57,-3.94,-3.73,-3.2,-2.83,-2.97,-0.94,1.31,1.59,0.66,-0.39,-0.59,-0.33,-0.64,-1.86,-2.15,-1.53,-0.76,-0.25,0.47,-0.33,-0.91,-0.75,-0.54,-0.49,-0.43,0.04,-0.1,-0.07,-0.27,-0.09,-0.07,-1.0,-2.29,-2.34,-1.36,-0.84,-0.18,-0.33,-0.38,-0.13,0.44,1.67,2.31,0.37
-0.96,-1.06,-1.02,-1.2,1.35,3.66,3.88,3.53,3.08,2.68,1.93,1.17,0.59,0.64,0.4,0.41,0.65,0.86,0.37,1.4,1.48,0.44,0.04,0.42,0.24,-0.43,-0.97,-0.88,-0.51,-0.23,-1.19,-1.82,-2.09,-2.24,-2.63,-3.09,-3.41,-3.36,-3.26,-3.48,-3.11,-0.01,2.14,1.47,0.04,-0.9,-0.65,-0.93,-1.28,-1.79,-1.91,-1.72,-1.69,-0.39,1.0,0.43,-1.34,-1.86,-1.95,-1.37,-1.66,-1.4,-1.27,-0.9,-0.77,-0.88,-1.24,-1.15,-0.59,-0.92,-0.08,-0.56,-1.05,-0.85,-0.65,-0.12,0.37,0.84,2.11,1.79,0.01
-2.56,-2.47,-3.34,0.47,3.79,3.22,2.58,1.84,1.42,1.1,0.88,0.7,0.49,0.01,-0.03,0.03,-0.38,-0.68,-0.47,0.84,-0.04,-0.69,0.09,0.13,-0.74,-1.63,-1.4,-0.99,-1.07,-1.32,-1.36,-1.57,-2.05,-2.73,-3.16,-3.36,-3.57,-4.05,-4.14,-2.55,0.1,1.27,1.25,0.19,-0.9,-1.53,-1.79,-2.06,-2.46,-2.35,-1.65,-0.97,0.19,0.41,0.12,-0.72,-0.79,-0.57,-1.64,-2.43,-2.77,-2.95,-1.95,-1.14,-1.4,-1.35,-1.17,-0.72,-0.54,0.64,0.71,0.17,-0.12,-0.94,-0.87,0.28,1.42,2.01,1.7,0.62,-1.03
-3.23,-3.22,-2.09,2.44,2.23,1.86,1.23,0.94,0.76,0.59,0.48,0.27,0.22,0.51,0.39,-0.3,-1.08,-1.57,-0.12,-0.34,-1.27,-1.24,-1.32,-1.43,-1.94,-2.5,-1.98,-1.48,-0.86,-1.17,-1.95,-2.61,-2.84,-3.53,-4.25,-4.48,-3.59,-2.83,-2.05,-0.4,0.21,0.1,-0.02,-0.78,-1.74,-1.96,-1.89,-2.17,-2.26,-1.56,-1.11,-0.9,-0.98,-0.69,-0.47,-0.33,-0.81,-0.93,-1.66,-2.04,-1.34,-1.25,-1.39,-1.14,-1.66,-1.58,-1.18,-0.68,0.71,1.29,0.29,-0.19,-0.76,-1.12,-0.11,0.74,1.48,1.41,0.86,-0.03,-1.9
-2.51,-1.78,0.27,1.85,1.43,1.14,1.1,1.12,1.04,0.63,0.09,-0.03,0.14,0.02,-0.53,-1.27,-1.8,-0.99,-0.54,-1.15,-1.6,-1.95,-1.58,-1.59,-2.46,-2.58,-1.18,-0.94,-1.49,-2.48,-3.17,-3.11,-3.5,-4.01,-4.21,-2.59,-1.35,-1.38,-0.34,-0.04,-0.11,-0.03,-0.24,-0.91,-1.38,-1.3,-1.31,-1.23,-1.03,-1.13,-1.51,-1.65,-0.83,-0.31,-0.88,0.07,-0.38,-0.61,-0.25,-0.43,-0.89,-1.11,-1.0,-1.11,-1.21,-1.02,-1.15,-0.44,0.9,0.21,-0.39,-0.52,-0.59,-0.08,0.52,0.92,1.26,1.1,0.61,-1.49,-2.92
-1.48,-0.83,0.2,0.38,0.45,0.7,0.73,0.56,0.42,0.06,-0.32,-0.63,-1.09,-1.71,-2.09,-2.45,-1.97,-1.55,-1.75,-1.74,-1.76,-2.08,-1.63,-1.71,-2.23,-1.55,-1.46,-1.93,-2.65,-3.16,-2.47,-1.95,-2.17,-2.47,-1.52,-0.61,-0.61,-0.7,-0.54,-0.6,-0.93,-1.19,-1.3,-1.37,-1.12,-0.66,-0.63,-0.78,-1.12,-1.54,-1.48,-0.89,-0.73,-1.73,-1.37,-0.14,-0.21,-0.52,-0.28,-0.44,-0.63,-0.84,-1.06,-1.66,-1.71,-1.32,-1.02,-0.67,-0.23,-0.36,-0.71,-0.83,-0.56,0.04,0.64,1.04,1.97,0.14,-1.08,-2.77,-0.68
-0.61,-0.55,-0.55,-0.56,-0.09,0.11,-0.03,-0.32,-0.54,-0.64,-1.04,-1.67,-2.2,-2.17,-2.11,-2.11,-2.05,-2.18,-2.35,-2.1,-1.71,-1.77,-1.51,-1.77,-1.94,-2.2,-2.61,-2.59,-2.89,-2.43,-1.44,-0.98,-1.03,-1.09,-1.26,-1.29,-0.9,-0.6,-0.53,-0.6,-1.14,-1.71,-1.89,-1.57,-1.29,-1.04,-0.83,-0.84,-1.23,-1.53,-1.27,-1.1,-1.5,-1.9,-0.68,-0.39,-1.03,-1.86,-1.92,-1.74,-1.1,-1.04,-1.42,-1.71,-1.7,-1.33,-0.99,-0.99,-0.8,-0.5,-1.0,-1.44,-0.51,1.48,1.85,1.72,1.71,1.37,-0.98,-1.64,2.07
-0.61,-0.84,-1.06,-0.82,-0.62,-0.59,-0.71,-0.78,-0.9,-0.98,-1.39,-1.98,-2.23,-1.95,-1.82,-2.06,-2.35,-2.34,-2.19,-2.27,-2.33,-2.25,-2.04,-2.37,-2.91,-3.34,-3.47,-3.24,-2.47,-1.58,-1.3,-1.34,-1.63,-1.94,-2.0,-1.59,-1.06,-0.5,-0.35,-0.61,-1.15,-1.7,-1.99,-2.04,-2.13,-2.21,-2.16,-2.17,-2.34,-2.31,-2.23,-2.14,-2.14,-1.24,-0.38,-0.99,-1.94,-2.26,-1.82,-1.24,-1.26,-1.58,-1.88,-2.18,-1.97,-1.47,-1.39,-1.21,-0.77,-0.83,-1.46,-1.55,0.08,0.95,0.77,0.33,-0.72,-1.41,-0.96,-1.01,2.08
-0.83,-0.91,-1.12,-1.04,-1.01,-1.35,-1.5,-1.57,-1.83,-2.42,-2.65,-3.04,-3.1,-2.98,-3.02,-2.75,-2.7,-2.66,-2.73,-2.97,-3.15,-3.08,-2.76,-2.72,-3.21,-3.63,-3.37,-2.71,-2.09,-1.93,-2.02,-2.16,-2.44,-2.43,-2.06,-1.72,-1.39,-1.11,-1.01,-1.26,-1.58,-1.72,-1.86,-2.04,-2.76,-3.15,-3.21,-3.1,-2.97,-2.86,-2.68,-2.57,-2.27,-1.28,-0.81,-2.42,-2.34,-2.55,-2.23,-2.41,-2.22,-1.93,-2.01,-2.32,-2.08,-2.08,-2.05,-1.52,-1.03,-1.05,-1.16,-1.21,0.14,0.57,-0.51,-1.21,-1.71,-0.35,0.48,0.85,1.72
-0.59,-0.7,-0.87,-1.37,-1.95,-2.51,-2.86,-3.25,-4.17,-4.45,-4.0,-2.99,-1.75,-1.46,-2.38,-3.2,-3.31,-3.49,-3.61,-3.63,-3.77,-3.68,-3.34,-3.07,-3.08,-3.07,-2.91,-2.94,-2.89,-2.8,-2.82,-2.98,-2.92,-2.52,-2.39,-2.4,-2.22,-2.19,-2.2,-2.03,-1.95,-2.0,-2.27,-2.71,-3.18,-3.37,-3.43,-3.51,-3.4,-3.0,-2.67,-2.19,-1.37,-0.93,-1.24,-2.81,-2.54,-2.24,-1.64,-1.02,-0.75,-0.96,-1.25,-1.2,-1.25,-0.88,-0.95,-0.92,-0.8,-0.75,-0.56,-0.8,-0.93,0.07,-0.93,-1.02,-0.52,2.0,4.15,3.14,3.05
-0.49,-0.85,-0.94,-1.59,-2.17,-2.82,-3.18,-3.62,-3.27,-2.25,-1.53,-0.78,0.15,-0.09,-1.14,-2.2,-2.69,-3.05,-3.44,-3.68,-3.92,-3.72,-3.46,-3.35,-3.31,-3.36,-3.53,-3.74,-3.78,-3.88,-4.01,-4.07,-3.55,-3.36,-3.46,-3.31,-3.05,-2.83,-2.85,-2.78,-2.67,-2.84,-3.25,-3.3,-2.98,-2.86,-2.78,-2.41,-2.34,-2.3,-2.39,-2.71,-2.87,-2.76,-2.89,-1.52,-0.41,-0.8,-0.99,-0.38,0.14,0.41,0.29,0.26,0.17,-0.18,0.02,0.11,-0.2,-0.53,-0.94,-1.64,-1.77,0.68,1.09,0.13,0.98,3.94,4.87,2.05,2.04
0.16,-0.98,-1.48,-1.77,-2.29,-2.83,-3.1,-3.38,-2.44,-1.11,0.21,0.61,0.0,-0.39,-0.74,-1.48,-2.47,-2.79,-4.02,-4.31,-3.98,-3.72,-3.67,-3.82,-4.09,-4.22,-4.33,-4.22,-4.02,-4.28,-4.49,-4.54,-4.45,-4.43,-4.18,-3.99,-3.64,-3.34,-3.53,-3.63,-2.9,-2.8,-2.31,-1.95,-1.46,-0.92,-0.33,-1.16,-1.64,-1.98,-2.18,-2.2,-1.92,-1.37,-0.16,0.67,0.39,0.01,-0.22,0.39,1.44,1.78,2.13,1.62,1.15,1.51,1.65,1.17,1.09,0.18,-0.72,-0.63,0.09,1.43,1.72,2.6,3.16,4.01,3.59,2.55,1.95
-0.61,-1.01,-1.31,-2.32,-2.42,-2.59,-2.75,-2.99,-2.11,-0.41,0.63,0.89,-0.07,-1.45,-1.69,-1.34,-1.9,-3.94,-3.91,-4.19,-4.33,-4.15,-4.46,-4.82,-5.16,-5.02,-4.21,-3.42,-3.41,-3.49,-3.34,-2.84,-2.5,-1.67,-1.49,-1.83,-1.67,-1.21,-1.08,-1.32,-1.76,-1.15,-0.68,-0.16,0.32,0.08,-1.15,-1.19,-1.09,-1.03,-1.06,-0.98,-0.83,0.46,1.8,2.06,1.59,1.01,1.9,2.12,2.04,2.3,2.1,2.08,1.98,1.51,1.04,0.74,0.73,0.18,0.41,0.32,1.39,3.12,3.77,4.05,4.54,3.91,3.48,3.09,1.94
-1.41,-1.39,-1.52,-1.76,-2.51,-2.53,-2.64,-2.23,-1.63,-0.8,0.45,0.32,0.15,-0.38,-1.76,-2.67,-2.76,-1.34,-0.48,-1.56,-3.03,-5.43,-5.01,-4.23,-4.23,-4.38,-4.15,-2.82,-1.58,-1.17,-0.81,-0.36,0.27,1.45,2.14,3.42,3.89,4.31,3.54,3.28,2.42,1.42,1.0,0.78,0.63,0.59,1.11,0.86,0.62,0.58,1.08,1.91,2.56,3.23,3.68,4.47,4.63,4.97,4.53,3.31,2.8,2.73,3.09,3.21,3.27,3.01,2.92,2.99,2.04,1.64,1.35,2.26,3.67,3.55,3.96,4.41,4.77,4.92,4.36,3.67,2.37
-1.92,-1.72,-2.13,-1.67,-1.41,-1.43,-1.84,-1.54,-1.15,-0.1,0.12,-0.15,-0.42,-0.61,-1.47,-2.13,-2.28,-2.1,-0.65,0.14,-0.82,-0.66,1.46,0.89,-0.37,-0.27,0.97,1.15,1.97,2.44,2.88,3.52,3.82,3.82,4.52,5.14,5.74,5.35,5.39,5.59,5.28,5.01,3.93,3.18,2.3,2.06,1.89,2.1,2.2,2.29,2.42,2.84,3.36,3.73,3.83,4.19,4.31,4.25,4.32,4.24,4.32,4.44,4.21,3.93,3.57,3.9,4.19,4.31,4.42,4.36,4.33,4.17,3.78,3.75,3.92,4.01,3.76,3.96,4.28,4.03,3.87
-1.62,-2.02,-1.86,-1.11,-0.82,-0.67,-0.06,-0.14,-0.31,-0.15,-0.36,-0.71,-1.0,-1.03,-1.16,-1.52,-2.02,-1.53,-0.97,-0.56,0.52,1.96,2.91,2.21,1.74,1.73,1.53,1.61,1.83,1.81,2.03,2.74,3.34,3.41,3.3,3.3,3.61,3.78,4.0,4.08,4.22,4.37,4.44,4.23,3.77,3.54,3.41,3.11,2.68,2.37,2.32,2.29,2.28,2.89,3.57,3.58,3.3,3.33,3.54,3.83,4.06,3.99,3.8,3.61,3.75,4.06,4.22,4.26,4.14,3.77,3.36,3.11,3.25,3.48,3.45,3.18,3.33,3.63,3.69,3.62,3.52
-1.39,-1.85,-2.13,-1.71,-1.28,-0.84,-0.45,-0.4,-0.62,-0.79,-0.82,-0.84,-0.77,-0.7,-0.36,-0.7,-1.72,-1.42,-0.15,0.01,0.14,0.67,0.75,1.2,1.46,1.34,1.19,0.93,1.06,1.21,1.3,1.26,1.21,1.35,1.64,2.05,2.33,2.54,2.63,2.66,2.76,2.78,2.56,2.7,3.06,2.7,2.02,1.71,1.48,1.28,1.49,1.61,1.73,2.15,2.49,2.5,2.64,2.8,3.09,3.12,3.28,3.35,3.25,3.31,3.42,3.39,3.44,3.53,3.43,3.21,2.86,2.64,2.65,2.72,2.68,2.58,2.69,2.96,3.18,2.99,2.71
-2.41,-2.06,-1.84,-1.96,-1.85,-1.32,-1.06,-0.99,-0.85,-0.7,-0.76,-0.76,-0.81,-1.19,-0.93,-0.63,-1.22,-1.1,-0.61,-0.45,-0.35,-0.31,0.19,0.07,-0.54,-0.13,0.2,0.36,0.52,0.57,0.43,0.24,0.15,0.13,0.22,0.29,0.62,0.86,1.03,1.17,1.15,1.25,1.48,1.5,1.45,1.06,1.16,1.34,0.98,1.1,1.23,1.37,1.48,1.32,1.41,1.55,1.59,1.71,2.13,2.22,2.38,2.46,2.43,2.44,2.86,3.09,3.23,3.0,2.73,2.45,2.19,2.08,2.08,2.39,2.42,2.19,2.07,2.43,2.45,2.17,2.07
-2.56,-2.69,-2.62,-2.18,-2.27,-2.59,-2.36,-1.91,-1.56,-1.15,-0.95,-1.12,-1.82,-2.1,-2.44,-2.5,-1.64,-1.14,-1.07,-1.04,-0.98,-0.44,-0.53,-1.07,-0.92,-0.64,-0.33,-0.03,-0.14,-0.34,-0.46,-0.47,-0.48,-0.6,-0.84,-0.78,-0.67,-0.54,-0.42,-0.11,0.24,0.36,0.63,0.78,0.65,0.15,0.07,0.28,0.81,1.09,1.14,1.29,0.95,0.57,0.61,0.74,0.71,0.74,1.02,1.14,1.25,1.43,1.73,1.91,2.17,2.46,2.36,2.12,1.92,1.86,1.81,1.7,1.73,1.91,2.19,2.32,2.34,2.31,2.08,2.07,2.79
-2.65,-2.35,-2.48,-2.79,-2.79,-2.97,-3.32,-3.15,-2.74,-2.48,-2.1,-2.4,-3.04,-3.28,-3.27,-3.25,-3.02,-2.66,-2.5,-1.93,-1.45,-1.29,-1.54,-1.61,-1.67,-1.25,-0.76,-0.67,-0.84,-0.98,-0.93,-0.8,-0.84,-0.85,-0.69,-0.54,-0.59,-0.57,-0.46,-0.53,-0.66,-0.58,-0.54,-0.55,-0.55,-0.54,-0.33,-0.33,-0.32,-0.34,-0.28,-0.06,0.26,0.49,0.33,0.03,0.11,0.2,0.3,0.54,0.62,0.67,0.79,0.89,0.9,1.0,1.07,0.83,0.85,1.07,1.13,1.23,1.31,1.47,1.91,2.16,1.82,1.07,1.09,2.0,2.0
-1.55,-1.81,-2.33,-3.1,-3.61,-3.6,-3.39,-3.65,-3.58,-3.51,-3.53,-3.47,-3.53,-3.77,-3.84,-3.75,-3.53,-3.2,-3.04,-2.87,-2.6,-2.38,-2.37,-2.16,-1.64,-1.25,-1.13,-1.23,-1.42,-1.53,-1.33,-1.3,-1.09,-0.82,-0.74,-0.75,-0.83,-0.82,-1.09,-1.18,-1.03,-1.09,-1.13,-0.98,-1.01,-1.05,-0.96,-0.97,-0.9,-0.78,-0.85,-0.73,-0.63,-0.15,-0.05,-0.26,-0.59,-0.39,-0.21,-0.25,-0.36,-0.33,-0.23,-0.36,-0.15,0.28,0.41,0.35,0.14,0.26,0.7,0.94,1.08,1.28,1.61,2.05,1.95,1.42,1.73,2.2,2.4
-1.15,-2.01,-2.2,-3.11,-3.95,-4.25,-4.01,-3.89,-4.09,-4.15,-4.21,-4.12,-3.84,-3.72,-3.95,-4.26,-4.12,-3.63,-3.17,-3.06,-3.04,-3.07,-2.91,-2.28,-1.82,-1.58,-1.62,-1.81,-1.97,-2.08,-2.15,-1.86,-1.4,-1.0,-0.73,-0.57,-0.5,-0.59,-0.75,-0.93,-1.25,-1.38,-1.28,-1.19,-1.38,-1.57,-1.51,-1.37,-1.08,-0.75,-0.58,-0.64,-0.46,0.08,-0.28,-0.54,-1.07,-1.43,-1.4,-1.1,-1.03,-1.17,-1.01,-0.88,-0.92,-0.36,0.02,0.27,0.49,0.58,0.5,0.4,0.6,0.74,0.87,1.03,1.46,1.86,2.48,3.11,3.66
-0.1,-1.75,-1.98,-1.79,-2.44,-3.6,-4.37,-5.03,-5.01,-5.24,-5.14,-4.73,-4.15,-4.06,-4.32,-4.5,-4.16,-3.96,-3.72,-3.56,-3.54,-3.38,-3.07,-2.56,-2.15,-2.07,-2.09,-2.08,-2.16,-2.48,-2.53,-2.26,-2.01,-1.38,-1.13,-1.0,-0.66,-0.63,-0.79,-1.25,-1.51,-1.69,-1.83,-1.96,-2.15,-2.24,-2.15,-1.81,-1.33,-1.13,-1.03,-1.08,-0.89,-0.93,-0.65,-0.63,-1.11,-1.46,-1.06,-0.66,-0.68,-0.8,-0.37,0.07,-0.65,-0.94,0.23,0.52,0.76,0.84,0.9,0.82,0.5,0.25,0.23,0.54,1.12,1.98,2.72,3.35,3.97
-0.55,-1.18,-1.69,-2.23,-2.74,-3.54,-4.55,-3.96,-4.2,-4.41,-4.87,-3.83,-4.26,-4.95,-4.71,-4.35,-4.17,-4.1,-4.26,-4.25,-4.12,-3.98,-3.7,-3.57,-3.11,-2.89,-2.89,-2.94,-3.2,-3.44,-3.57,-3.08,-1.65,-0.96,-0.57,-0.54,-0.91,-1.22,-1.39,-1.28,-1.4,-1.81,-2.13,-2.03,-2.19,-2.34,-2.31,-2.04,-1.59,-1.39,-1.37,-1.42,-1.48,-1.62,-1.39,-1.18,-0.97,-1.23,-1.48,-1.29,-0.91,-0.53,-0.17,0.47,0.37,-0.06,0.38,0.89,1.13,1.0,0.94,0.8,0.46,0.26,0.17,0.15,0.5,1.02,1.58,2.26,2.62
-1.58,-1.47,-1.94,-2.62,-3.03,-2.7,-2.83,-2.31,-2.48,-2.91,-2.8,-4.75,-4.66,-4.67,-5.69,-4.3,-4.49,-4.47,-4.66,-4.82,-5.0,-4.66,-3.75,-2.92,-2.54,-1.34,-0.97,-1.49,-1.71,-2.07,-1.86,-1.49,-1.05,-0.92,-0.76,-0.68,-0.96,-1.4,-1.57,-1.53,-1.89,-2.05,-2.17,-1.91,-1.67,-1.87,-2.1,-1.83,-1.75,-1.79,-2.03,-2.03,-2.05,-1.96,-1.94,-1.81,-1.7,-1.72,-1.9,-1.97,-1.73,-1.19,-0.92,-0.29,0.29,0.21,0.36,0.67,0.65,0.63,0.87,0.85,0.5,0.28,0.19,0.38,0.69,0.96,1.14,1.3,1.57
-1.35,-1.86,-2.44,-2.53,-2.83,-2.27,-1.6,-1.37,-1.12,-1.23,-2.38,-3.4,-4.66,-3.98,-4.2,-5.12,-3.02,-3.46,-5.03,-5.46,-4.8,-3.29,-2.6,-1.83,-1.48,-1.53,-1.46,-1.25,-1.17,-0.62,-0.21,-0.58,-0.7,-1.18,-1.19,-1.32,-2.03,-2.11,-2.1,-2.23,-2.17,-2.37,-2.25,-1.88,-1.7,-1.86,-1.91,-1.76,-1.83,-2.39,-2.81,-2.89,-2.94,-2.89,-2.98,-2.87,-2.91,-2.89,-2.66,-2.38,-2.3,-2.15,-1.71,-0.94,-0.48,-0.43,-0.19,0.22,-0.04,-0.37,-0.45,-0.32,0.1,0.2,0.18,0.13,0.94,1.28,1.41,1.29,1.16
-1.13,-1.57,-1.81,-2.37,-2.87,-2.96,-2.21,-1.23,0.23,0.18,-1.56,-0.61,-1.02,-2.43,-2.87,-3.84,-5.6,-3.94,-3.31,-3.21,-3.18,-3.49,-3.44,-2.22,-1.09,-0.49,-1.24,-0.95,-0.51,-0.06,-0.32,-0.19,-0.94,-0.91,-0.71,-0.71,-1.22,-2.08,-1.54,-1.9,-2.35,-2.74,-2.72,-2.17,-1.66,-1.97,-2.21,-2.02,-2.21,-2.53,-2.12,-2.12,-2.24,-2.5,-2.75,-3.31,-3.2,-2.94,-2.92,-3.0,-2.75,-2.29,-2.05,-1.76,-1.25,-0.92,-0.92,-0.75,-0.38,-0.66,-1.14,-0.87,-0.06,0.4,0.74,0.85,0.75,0.69,0.77,1.18,1.2
-2.98,-1.91,-1.67,-2.1,-2.84,-2.92,-2.33,-1.34,0.1,2.42,2.36,0.79,1.27,0.75,-2.6,-4.01,-4.05,-3.68,-2.05,-2.69,-1.95,-1.81,-2.07,-2.72,-1.63,-0.5,0.01,-0.85,-0.39,-0.4,-0.6,-1.37,-1.67,-0.84,-0.73,0.13,0.89,-0.83,-1.37,-1.16,-1.2,-1.3,-1.76,-1.93,-2.07,-2.45,-2.4,-2.52,-2.27,-2.06,-1.98,-1.6,-1.56,-1.54,-1.84,-2.06,-2.36,-2.19,-1.76,-1.74,-2.21,-2.1,-1.97,-2.32,-2.06,-1.78,-1.48,-1.22,-0.63,-0.11,-0.69,-0.68,0.33,0.81,1.01,1.08,1.41,1.37,0.58,0.58,0.75
-2.83,-3.3,-2.61,-2.76,-3.72,-3.48,-2.47,-1.54,-0.21,0.85,1.61,2.23,2.27,2.11,-0.79,-2.55,-3.34,-3.02,-2.75,-2.89,-3.03,-2.64,-2.46,-2.04,-1.72,-1.23,-0.71,-0.49,-0.51,-0.28,0.44,0.44,-0.79,-1.66,-1.29,-0.6,0.82,0.21,-0.88,-0.89,-0.64,-1.05,-1.94,-2.14,-1.85,-1.35,-1.19,-1.27,-1.19,-0.99,-0.77,-0.87,-0.97,-1.3,-1.3,-0.83,-0.85,-0.98,-1.12,-1.31,-1.28,-2.25,-2.97,-2.77,-2.0,-1.86,-1.84,-1.35,-1.08,-0.46,-0.17,-0.41,-0.08,0.62,0.6,0.54,1.1,1.74,1.58,1.26,1.03
-1.68,-4.45,-4.59,-4.2,-4.55,-4.36,-3.03,-1.47,-0.28,0.79,1.59,2.17,3.9,2.32,-0.33,-1.27,-2.46,-2.98,-1.76,-1.6,-2.13,-2.91,-2.79,-2.56,-1.95,-1.2,-0.71,-0.34,-0.19,-0.02,0.19,1.67,0.27,-0.56,-1.77,-1.45,-0.69,-0.62,-0.91,0.11,-0.68,-0.58,-1.32,-1.73,-0.97,-1.3,-2.04,-2.35,-1.4,-0.68,-0.41,-0.33,0.17,0.58,0.07,-0.48,-0.84,-0.86,-1.02,-1.13,-0.99,-1.16,-1.68,-1.71,-1.94,-1.33,-1.22,-1.26,-1.41,-1.45,-0.9,-0.8,-1.44,-1.28,-0.68,-0.55,-0.16,0.59,1.11,1.07,0.5
-5.45,-4.01,-4.66,-4.62,-5.11,-5.03,-3.23,-1.5,-0.1,0.74,1.47,1.63,3.63,3.64,0.36,-0.25,-1.65,-2.05,-1.59,-1.44,-1.0,-0.62,-1.2,-1.49,-1.97,-1.44,-0.74,-0.44,-0.22,-0.14,0.43,2.48,1.72,1.0,0.86,0.59,0.45,0.46,0.32,-0.29,0.47,-0.65,-0.44,-0.91,-0.52,-0.89,-2.1,-1.95,-1.47,-0.92,-0.43,-0.13,-0.05,-0.19,-0.15,-0.01,-0.51,-1.41,-1.63,-1.5,-0.91,-0.35,-0.65,-1.31,-1.33,-1.37,-1.33,-1.34,-0.9,-1.55,-2.1,-1.97,-2.06,-2.67,-1.99,-1.23,-0.89,-0.64,-0.52,-0.38,0.79
-3.91,-4.89,-3.95,-4.68,-5.08,-5.38,-3.5,-1.8,-0.4,0.46,1.36,1.34,-0.08,1.79,0.32,0.04,-0.26,-0.81,-1.0,-0.19,0.22,-1.71,-2.8,-3.02,-2.5,-1.92,-1.06,-1.02,-0.74,-0.63,-0.16,2.19,3.62,3.12,3.93,2.86,0.12,-0.93,-0.52,-0.7,-0.57,-1.19,-0.76,-0.91,-1.03,-1.32,-1.33,-1.09,-1.37,-1.17,-0.69,-0.57,-0.52,-0.44,-0.09,-0.03,-0.63,-1.18,-1.37,-1.36,-0.87,-0.76,-0.64,-1.22,-1.55,-1.41,-1.45,-1.12,-0.52,-0.38,-1.57,-2.08,-1.96,-2.3,-2.08,-1.55,-1.33,-0.96,-1.41,-0.71,0.54
-1.25,-4.12,-4.57,-3.67,-4.69,-4.81,-4.27,-2.22,-0.37,0.22,0.72,1.26,0.64,-0.38,0.07,0.13,0.11,-0.45,-0.64,-0.22,-0.44,-0.92,-1.34,-2.58,-2.4,-1.22,-0.78,0.13,0.17,-0.59,-1.62,-1.5,-1.39,-1.36,0.93,2.95,1.27,-2.83,-2.92,-2.48,-1.94,-2.05,-1.2,-1.93,-1.62,-2.0,-1.95,-1.56,-1.25,-1.08,-1.19,-0.81,-0.65,-0.33,-0.32,-0.28,-0.29,-0.72,-1.22,-1.45,-1.54,-0.86,-0.45,-0.79,-1.05,-0.59,-0.68,-0.6,-0.57,-0.35,-0.52,-1.1,-1.64,-1.84,-2.4,-1.44,-1.16,-1.3,-1.41,-1.22,-0.74
1.0,-2.69,-3.85,-4.11,-5.13,-2.15,-3.53,-2.87,-0.93,-0.37,-0.01,-0.16,-0.08,-0.45,-0.58,-0.04,0.36,0.58,0.39,0.34,-1.0,-2.19,-2.03,-1.88,-0.84,0.14,0.91,1.76,1.32,0.32,-1.27,-3.57,-4.04,-2.82,-3.54,-0.75,2.97,1.14,-3.92,-4.05,-3.48,-3.26,-1.79,-2.36,-1.98,-2.41,-2.02,-1.73,-1.36,-1.25,-1.08,-1.2,-1.07,-0.77,-0.56,-0.4,-0.62,-1.09,-1.15,-0.97,-1.23,-0.59,-0.11,-1.06,-1.46,-1.1,-0.85,-0.76,-0.66,-0.77,-1.36,-1.9,-2.11,-2.54,-2.52,-2.3,-1.63,-1.15,-1.11,-0.99,-0.95
2.21,0.06,-2.33,-3.73,-6.09,-3.25,-1.61,-5.47,-2.45,-1.2,-0.62,-1.18,-1.13,-1.9,-0.86,-0.32,-0.01,-0.53,1.5,1.16,-0.07,-1.21,-1.46,-0.29,0.39,0.46,1.25,2.09,2.39,1.61,0.03,-1.62,-3.29,-0.82,-1.06,-2.33,1.08,5.67,-0.21,-3.63,-3.85,-4.26,-3.45,-3.16,-2.77,-2.68,-2.36,-2.15,-1.92,-1.35,-1.33,-1.46,-1.13,-0.91,-0.71,-0.34,-0.14,-0.35,-0.97,-0.99,-0.63,-0.29,-0.18,0.19,-0.2,-1.01,-0.92,-0.73,-1.48,-1.73,-1.31,-1.5,-1.64,-2.67,-3.04,-2.87,-2.52,-1.66,-1.03,-0.88,-1.02
2.07,1.79,1.49,0.2,-3.1,-5.02,-1.12,-3.91,-4.54,-2.12,-1.44,-1.14,-2.36,-3.76,-1.42,-0.26,1.55,3.08,1.54,1.41,0.73,0.38,0.53,0.99,1.02,1.07,1.45,1.98,3.15,4.11,4.35,-0.74,-3.6,-2.79,-0.94,-0.3,0.23,4.57,5.73,-2.24,-3.75,-4.36,-3.74,-4.31,-3.24,-3.0,-2.91,-2.72,-2.32,-1.87,-1.84,-1.75,-1.35,-1.14,-0.9,-0.52,-0.21,0.02,0.16,0.42,0.6,0.42,0.58,1.31,1.12,-0.54,-0.01,0.47,-1.23,-2.71,-2.04,-1.74,-1.85,-1.94,-1.85,-1.91,-1.98,-2.01,-1.81,-1.45,-2.11
