public/data/weather/current/current-wind-isobaric-1000hPa-gfs-1.0.json
{"header": { "discipline": 0, "disciplineName": "Meteorological products", "gribEdition": 2, "gribLength": 133585, "center": 7, "centerName": "US National Weather Service - NCEP(WMC)", "subcenter": 0, "refTime": "2013-11-30T18:00:00.000Z", "significanceOfRT": 1, "significanceOfRTName": "Start of forecast", "productStatus": 0, "productStatusName": "Operational products", "productType": 1, "productTypeName": "Forecast products", "productDefinitionTemplate": 0, "productDefinitionTemplateName": "Analysis/forecast at horizontal level/layer at a point in time", "parameterCategory": 2, "parameterCategoryName": "Momentum", "parameterNumber": 2, "parameterNumberName": "U-component_of_wind", "parameterUnit": "m.s-1", "genProcessType": 2, "genProcessTypeName": "Forecast", "forecastTime": 6, "surface1Type": 100, "surface1TypeName": "Isobaric surface", "surface1Value": 100000, "surface2Type": 255, "surface2TypeName": "Missing", "surface2Value": 0, "gridDefinitionTemplate": 0, "gridDefinitionTemplateName": "Latitude_Longitude", "numberPoints": 65160, "shape": 6, "shapeName": "Earth spherical with radius of 6,371,229.0 m", "gridUnits": "degrees", "resolution": 48, "winds": "true", "scanMode": 0, "nx": 360, "ny": 181, "basicAngle": 0, "subDivisions": 0, "lo1": 0, "la1": 90, "lo2": 359, "la2": -90, "dx": 1, "dy": 1 }, "data":
[rows 140 to 174 of 181, columns 240 to 319 of 360]
8.72,7.85,7.09,7.12,7.42,7.59,7.87,8.31,8.79,9.5,10.06,10.09,9.88,9.89,10.34,11.11,12.24,13.37,14.65,15.94,15.81,14.22,12.26,11.02,10.53,10.32,10.38,10.64,11.03,11.34,11.15,10.76,10.14,9.65,9.28,9.02,9,9.24,9.61,10,10.59,10.89,11.18,11.99,11.35,6.02,1.26,7,5.53,8.79,7.05,5.16,3.58,4.12,0.15,2.71,4.61,5.64,6.74,7.59,8.37,9.06,9.62,10.1,10.52,10.9,11.13,11.18,11.12,10.97,10.81,10.9,11.25,11.66,12.02,12.31,12.35,12.11,11.71,11.39
10.07,8.93,8.29,8.38,8.59,8.84,8.98,8.99,9.14,9.07,8.54,8.07,8.42,9.6,10.69,11.61,12.44,13.13,13.81,14.63,15.82,15.53,12,10.01,9.6,9.09,8.92,9.15,9.65,10.27,11.16,11.87,11.93,11.84,11.41,10.8,10.22,10.06,10.23,10.28,10.29,10.69,11.98,12.36,12.02,12.61,9.02,10.47,8.93,11.64,11.61,9.4,4.55,3.86,7.21,6.93,6.9,7.71,8.52,9.41,10.14,10.58,10.76,11.68,12.08,12.25,12.18,12.14,12.19,12.16,11.97,11.97,12.51,13.1,13.44,13.81,13.85,13.42,12.71,12
10.21,9.42,9.42,9.62,9.77,9.82,9.57,9.25,8.59,7.52,7.23,7.87,8.35,8.51,8.44,8.64,9.82,11.64,13.52,14.74,13.96,13.78,11.77,8.83,8.36,8.55,8.83,9.32,9.88,10.51,11.17,11.61,12.11,12.68,12.95,12.58,11.61,11.06,10.71,10.59,10.6,10.85,11.26,11.97,13.11,13.28,10.35,5.59,10.28,11.04,15.02,14.24,13.52,10.97,9.92,11.03,11.84,12.35,12.18,11.05,8.9,9,10.95,11.58,11.72,11.89,11.9,11.79,12.07,12.9,12.6,12.78,13.38,13.88,14.26,14.61,14.63,14.25,12.89,11.42
9.74,9.65,9.97,10.18,10.24,10.13,10.01,9.8,9.03,8.21,8.21,8.09,7.86,7.67,7.31,6.74,5.99,5.11,4.56,4.46,6.84,8.49,4.97,5.03,8.13,9.26,9.73,10.29,10.56,10.93,11.61,12.13,12.33,12.39,12.63,13,12.87,12.45,11.94,11.28,10.91,10.83,11.02,11.32,12.45,12.54,11.45,5.74,6.23,8.67,9.04,12.15,16.23,16.96,15.26,13.5,13.74,14.41,14.35,14.26,14.21,14.01,13.83,13.45,12.9,12.5,12.05,11.5,11.11,11.43,12.04,12.44,12.97,13.54,14.17,14.87,15.18,14.34,12.26,10.81
9.75,10.15,10.6,10.67,10.27,9.99,10.13,10.39,10.2,9.51,9.13,9.14,9.47,9.78,9.87,9.62,9.12,8.41,7.64,6.41,5.13,5.68,7.9,9.67,10,10.34,11.04,11.48,11.82,12.4,12.36,11.87,11.62,12.13,12.74,13.23,13.61,13.62,13.18,12.43,11.7,11.04,10.51,9.97,9.7,9.46,7.95,7.83,4.87,5.81,8.15,9.99,10.79,14.69,17.61,17.82,16.58,16.07,16.11,16.01,15.65,15.04,14.46,13.84,12.93,12.32,11.94,11.34,10.94,10.82,11.05,11.87,12.77,13.56,14.35,14.67,14.4,13.37,11.41,9.68
10.13,10.64,10.78,10.29,9.68,9.69,10.25,10.66,10.83,10.5,10.35,10.26,10.31,10.58,11.15,11.51,11.42,11.14,10.82,10.78,11.36,11.51,10.85,10.16,10.25,10.84,11.14,11.07,10.93,10.81,10.68,10.81,11.21,11.7,12.28,12.88,13.62,13.9,14.22,14.16,13.25,12.1,11,9.87,8.02,6.22,4.49,3.07,2.74,2.48,2.3,2.25,1.98,4,5.19,7.01,9.06,11.42,14.15,16.13,16.41,15.28,14.06,13.03,11.99,11.39,11.06,10.74,10.69,10.78,11.29,12.15,12.95,13.47,13.58,13.51,13.15,11.49,9.31,8.39
10.36,10.54,10.22,9.74,9.59,9.66,10.17,10.28,10.3,10.39,10.74,11.45,12.12,12.74,13.44,14.06,14.67,15.21,15.05,14.71,13.97,13.08,11.92,11,10.94,11.25,11.12,11.08,11.6,11.95,11.52,11.11,11.37,11.77,11.79,11.25,11.19,11.99,13.32,14.54,14.91,13.9,12.33,11.08,10.18,8.56,6.77,5.81,5.28,4.94,5.06,5.93,6.5,6.19,6,6.86,8.42,9.37,9.77,10.29,10.86,11.31,11.15,10.35,9.59,9.55,10.01,10.59,11.02,11.33,11.81,12.19,12.51,12.82,12.88,12.64,11.59,9.09,7.14,7.4
10,10.14,10.21,10.27,10.3,10.14,10.07,9.61,8.76,8.31,8.48,9.12,10.02,11.02,12.11,13.15,14.19,14.93,15.43,15.57,15.49,15.14,14.4,13.32,12.1,11.42,11.32,11.87,12.03,11.01,10.21,10.44,10.07,9.03,8.27,7.9,7.43,7.19,8.18,10.26,12.91,15.01,14.8,12.73,11.1,10.04,8.92,8.03,7.14,6.29,5.83,5.85,5.79,5.5,5.31,5.2,5.4,5.93,6.78,8.24,8.95,8.83,8.71,8.66,8.59,8.83,9.54,10.15,10.51,10.8,11.17,11.37,11.48,11.56,11.46,11.33,9.18,5.73,5.77,7.52
9.69,10.39,10.89,11.07,10.93,10.55,9.76,9.15,8.31,7.84,8.38,9.34,10.28,11.14,11.85,12.47,13.12,13.71,14.11,14.44,14.63,14.92,14.81,13.87,12.52,11.72,11.91,11.71,10.11,8.62,8.13,7.37,6.88,6.76,6.94,7.47,7.94,8.24,8.46,8.38,9.17,11.94,14.66,13.31,10.35,9.71,9.36,8.49,7.93,7.68,7.66,7.68,7.58,7.08,6.37,5.75,5.03,4.38,3.65,3.38,4.07,5.65,7.35,8.36,8.66,8.72,8.56,8.29,8.28,8.57,9.11,9.64,10.09,10.19,10.14,9.08,5.99,4.75,6.16,6.97
9.89,10.73,11.23,11.4,11.28,10.84,10.36,10.63,10.48,10.27,10.66,11.27,12.02,12.69,13.04,13.26,13.53,13.76,13.79,13.71,13.79,14.4,14.19,13.33,12.31,11.82,12.08,11.53,9.94,9.05,8.53,8.18,8.14,8.01,7.87,7.83,7.97,8.41,9.08,8.83,6.72,4.38,4.87,8.26,9,7.36,6.7,7.09,7.77,8.45,9.08,9.42,9.42,9.18,8.72,7.97,7.25,6.7,6.02,5.1,4.21,3.32,2.68,2.49,3.05,4.3,5.44,6.53,7.67,8.55,9.32,9.8,9.42,9.34,9.39,7.67,4.83,5.08,6.03,6.73
9.8,10.54,11.09,11.46,11.6,11.38,11.57,12.61,12.6,12.86,13.34,14.03,14.7,14.85,14.39,13.96,13.66,13.35,13.11,13.4,13.69,13.96,13.42,12.32,11.35,11.36,11.84,11.5,11.11,10.92,10.3,9.81,9.65,9.51,9.34,9.07,8.95,8.85,8.62,8.55,8.26,7.86,7.28,6.18,5.68,6.55,7.95,9.04,9.85,10.49,10.97,10.79,10.57,10.5,10.62,9.99,8.76,7.57,6.98,6.67,6.11,5.98,6.25,6.79,7.46,8.1,8.58,8.84,9.44,9.93,10.2,10.27,10.03,9.78,9.47,7.26,3.96,3.91,5.77,6.68
9.36,10.07,10.62,10.88,10.94,11.61,12.58,13.22,13.51,14.24,15.07,15.75,15.53,14.39,13.7,13.54,13.37,13.36,13.2,13.08,12.98,13.26,13.45,12.96,12.23,11.5,11.18,11.08,11.17,11.44,11.47,11.26,11.03,10.89,10.68,10.3,9.92,9.52,9.08,8.89,8.86,8.52,7.8,7.32,7.42,7.96,8.63,9.28,9.87,10.43,10.81,10.72,10.58,10.57,10.73,9.86,8.16,7.12,6.69,6.87,7.05,7.66,8.38,8.77,8.96,9.28,9.17,9.8,10.53,10.99,11.22,11.15,10.67,9.77,5.9,2.31,0.88,2.17,3.93,4.52
9.22,9.79,10.12,10.12,10.97,12.47,12.79,13.41,14.48,15.3,15.66,15.06,14.01,13.99,14.89,14.86,14.14,13.28,12.9,12.77,12.2,11.77,11.92,12.48,12.66,12.22,11.89,11.84,11.68,11.45,11.41,11.63,11.89,12.14,12.11,11.72,11.21,10.62,10.05,9.55,9.13,8.88,8.88,9.15,9.64,10.15,10.52,10.79,11.03,11.31,11.36,10.61,10.14,10.02,9.92,9.24,7.85,7.39,7.71,8.51,8.89,9.27,9.77,10.02,10.34,10.02,9.23,8.45,8.24,7.16,5.72,3.58,0.41,-2.67,-4.52,-2.99,-0.53,1.13,1.98,2.69
9.57,9.53,9.87,10.06,11.11,12.77,13.22,13.42,12.55,12.06,12.11,12.81,13.96,14.53,13.41,12.37,12.16,12.3,12.51,12.7,12.47,11.78,10.95,10.51,11.13,12.58,14.12,15.14,15.42,15.07,14.4,13.91,13.7,13.68,13.52,13.03,12.45,11.86,11.23,10.6,10.04,9.71,9.58,9.62,9.78,10.03,10.31,10.51,10.68,10.92,10.65,10.08,9.44,9.11,9.03,9.18,8.65,8.22,8.99,9.96,11.31,13.93,12.57,8.77,5.63,2.46,1.44,1.42,-0.44,-3.12,-4.43,-4.73,-4.52,-3.81,-2.86,-2.13,-1.79,-1.7,-1.71,-1.24
7.78,9.21,9.92,10.33,10.73,11.32,11.45,11.24,11.5,12.11,12.61,12.21,11.51,10.74,10.56,11,11.3,11.46,11.64,11.84,12.09,12.39,12.55,12.42,12,11.46,11.1,11.13,11.55,12.23,12.99,13.67,14.09,14.25,14.12,13.8,13.45,13.08,12.53,11.84,11.34,11.07,10.76,10.51,10.37,10.26,10.16,10.14,10.15,10.04,9.69,9.47,8.98,8.02,7.17,6.84,7.55,7.35,5.98,5.41,4.47,1.69,-0.74,-2.47,-0.58,1.37,1.66,0.38,-1.4,-1.69,-1.55,-2.15,-2.9,-3.37,-3.76,-4.23,-4.53,-4.36,-3.06,-0.92
5.74,6.01,6.57,7.42,7.73,8.71,9.24,9.92,10.02,9.81,8.73,8.13,8.77,9.54,10.07,9.96,9.72,10.02,10.31,10.41,11.15,11.89,12.53,13.03,13.34,13.66,14.02,14.33,14.54,14.7,14.75,14.74,14.66,14.67,14.55,14.38,14.32,14.02,13.66,13.06,11.84,10.48,10.52,11.02,10.39,9.94,9.77,9.87,9.85,9.69,8.88,6.99,5.83,6.41,6.42,1,-0.79,3.24,4.27,4.24,3.52,2.76,2.31,2.16,1.65,0.99,0.75,0.38,0.14,0.34,-0.15,-1.85,-3.51,-4.72,-5.42,-5.43,-4.83,-3.72,-2.57,-2.02
7.06,7.57,8.04,8.71,9.55,10.25,10.54,10.23,9.48,8.77,8.56,9,9.54,9.91,10.15,10.3,10.37,10.34,10.23,10.24,10.39,10.49,11.08,12.08,12.65,13.32,12.46,12.62,13.99,14.79,14.56,12.65,12.82,14.61,13.26,12.07,14.19,15.04,13.88,10.62,9.58,9.08,8.53,8.17,7.86,8.44,8.43,8.5,7.71,6.69,6.17,6.54,5.93,1.76,-1.86,0.11,4.78,5.09,3.03,1.57,0.52,0.72,0.77,0.58,1.08,1.69,1.28,0.55,0.47,-0.69,-3.54,-5.54,-5.92,-5.75,-5.42,-4.98,-4.48,-3.92,-3.71,-3.83
7.88,8.3,8.92,9.5,9.8,9.69,9.32,9.13,9.27,9.59,10.27,11.39,11.44,11.34,11.48,11.16,11.3,11.39,11.12,10.98,11.06,10.97,10.58,10.48,10.73,10.49,9.86,9.93,10.71,10.85,10.13,10.08,10.27,10.31,10.3,10.26,10.18,9.87,9.29,8.8,8.1,7.4,6.88,6.51,6.38,6.42,6.47,6.46,6.41,5.94,5.33,4.14,-0.95,-1.18,2.89,0.47,-2.12,-2.36,-2.5,-1,0.47,0.09,-0.35,0.75,1.76,0.9,-0.89,-1.86,-2.89,-4.62,-5.72,-5.75,-5.66,-5.7,-5.62,-5.28,-4.8,-4.67,-4.74,-4.71
7.93,8.43,8.74,8.83,8.86,9.03,9.41,9.97,10.45,10.82,11.92,12.67,12.76,12.84,12.87,12.93,12.77,11.95,11.25,11.29,11.28,11.2,11.05,10.98,11.03,11.08,11.18,11.13,10.86,10.34,10.05,10.48,10.11,9.42,9.1,9,8.9,8.68,8.32,7.92,7.59,7.28,6.97,6.66,6.22,5.82,5.88,6.1,5.91,5.51,5.63,4.43,2.25,2.22,-1.03,-2.65,-1.02,-0.71,-1.25,-1.67,-1.39,-0.37,0.86,1.4,0.13,-2.15,-3.58,-4.24,-4.91,-5.47,-5.74,-5.94,-6.11,-6.09,-5.77,-5.45,-5.28,-5.15,-4.98,-4.75
7.02,7.57,8.15,8.7,9.28,9.86,10.32,10.79,11.17,11.27,11.48,12.23,12.31,11.86,11.6,11.51,11.67,11.79,11.78,11.7,11.6,11.6,11.74,12.03,12.41,12.7,13,12.89,12.26,12.52,13.36,13.72,13.57,13.07,12.55,12.34,11.31,10.01,9.33,8.86,8.14,7.16,6.36,5.53,4.73,4.44,4.01,3.49,3.68,2.89,2.31,1.47,-0.74,0.11,0.01,-1.49,-1.81,-1.76,-1.04,0.37,1.75,2.2,1.03,-1.29,-3.33,-4.29,-4.63,-4.92,-5.23,-5.53,-5.91,-6.19,-6.18,-5.95,-5.77,-5.64,-5.35,-4.84,-4.48,-4.29
7.14,8.08,8.9,9.64,10.32,10.93,11.44,11.81,12.09,12.22,12.22,12.17,12.07,11.98,11.93,11.91,11.83,11.73,11.73,11.85,12.03,12.19,12.17,11.95,11.55,11.41,11.72,12.5,12.96,12.6,12.02,11.44,10.89,10.34,9.84,9.53,9.42,9.28,8.85,8.03,6.4,4.54,3.35,2.61,2.37,2.18,1.77,1.74,2.95,3.02,-0.12,-1.74,-1.36,-0.28,1.97,0.77,-1.66,-0.55,1.44,2.29,1.88,-0.99,-4.22,-5.28,-5.12,-4.92,-4.94,-5.17,-5.65,-6.24,-6.49,-6.35,-6.01,-5.75,-5.62,-5.49,-5.16,-4.71,-4.48,-4.41
8.47,9.48,10.36,11.05,11.6,11.88,11.93,11.97,11.98,11.91,11.79,11.74,11.78,11.8,11.69,11.59,11.59,11.58,11.48,11.16,10.53,9.59,8.9,9.06,9.58,9.15,6.94,3.79,1.34,0.31,0.06,-0.33,-1.06,-1.8,-2.2,-2.29,-2.31,-2.41,-2.53,-2.54,-2.52,-2.39,-1.84,-0.89,-0.62,-1.54,-2.29,-1.49,0.86,3.11,1.25,-2.34,-2.4,0.68,3.02,0.22,-2.85,-1.55,1.15,2.64,1.85,-1.77,-5.05,-5.59,-4.93,-4.68,-5.19,-5.96,-6.52,-6.59,-6.25,-5.81,-5.49,-5.27,-5.04,-4.94,-5.08,-5.04,-4.58,-4
9.8,10.22,10.38,10.45,10.54,10.6,10.67,10.78,10.95,11.17,11.42,11.6,11.6,11.45,11.17,10.79,10.02,8.79,7.66,6.33,5.12,4.95,5.12,4.5,2.29,-0.98,-3.6,-4.36,-3.89,-3.76,-4.54,-5.37,-5.48,-5.29,-5.28,-5.66,-6.4,-7.07,-7.2,-7.03,-6.86,-6.54,-5.9,-5.01,-4.4,-4.06,-3.23,-1.58,-0.12,-0.34,-1.81,-2.43,-2.03,-2.78,-5.8,-8.2,-6.34,-1.29,2.25,2.73,0.89,-2.87,-5.57,-5.82,-5.3,-5.31,-5.94,-6.37,-6.22,-5.75,-5.37,-5.18,-5.1,-5.06,-5.08,-5.17,-5.27,-5.1,-4.46,-3.59
7.31,7.96,8.55,9.39,10.38,11.05,11.14,10.95,10.81,10.4,9.74,9.27,8.76,7.89,6.8,5.91,4.94,3.6,2.95,3.66,5.05,6.06,6.06,5.42,4.23,1.88,-1.07,-2.75,-3.23,-4.12,-5.69,-7,-7.51,-8.14,-9.12,-8.95,-8.11,-8.37,-9.12,-9.54,-9.87,-9.7,-8.54,-6.91,-6.24,-6.1,-5.69,-5.9,-6.43,-6.36,-5.85,-5.07,-4.28,-4.57,-6.43,-7.82,-7.02,-5.2,-4,-4.1,-5.25,-6.13,-6.1,-5.71,-5.73,-6.31,-6.91,-7.05,-6.88,-6.7,-6.6,-6.49,-6.28,-5.97,-5.56,-5.05,-4.42,-3.62,-2.66,-1.75
6.6,6.08,5.51,4.82,3.62,1.56,-0.43,-1.13,-1.34,-1.79,-1.67,-1.04,-0.98,-1.4,-1.51,-1.08,-0.2,0.94,1.87,1.63,-0.58,-4.1,-6.89,-7.59,-7.03,-7.04,-7.78,-8.21,-8.56,-9.52,-10.44,-10.22,-9.63,-10.27,-10.9,-9.9,-8.54,-7.63,-6.92,-7.57,-9.02,-8.56,-6.65,-6.09,-7.14,-7.73,-7.37,-7.06,-6.43,-5,-3.94,-4.44,-6.13,-6.85,-5.19,-2.24,-0.26,-0.91,-3.3,-5.26,-6.16,-6.4,-6.39,-6.48,-6.69,-6.8,-6.63,-6.23,-5.79,-5.41,-5.04,-4.63,-4.16,-3.69,-3.19,-2.62,-1.96,-1.32,-0.86,-0.62
-3.69,-5.11,-6.55,-7.29,-6.52,-4.68,-3.26,-3.16,-3.98,-4.8,-5.12,-5.47,-6.54,-8.39,-10.37,-11.64,-12.02,-11.58,-10.22,-8.83,-8.96,-10.37,-11.32,-10.71,-9.15,-8,-7.94,-8.64,-9.49,-10.27,-10.8,-10.94,-11.23,-11.42,-10.48,-9.11,-8.34,-7.77,-7.02,-6.06,-4.63,-3.11,-2.31,-2.16,-2.05,-2.12,-2.61,-2.8,-1.93,-0.72,-0.59,-1.79,-2.74,-1.97,-0.32,0.15,-1.39,-4.1,-6.42,-7.4,-7.25,-6.7,-6.25,-5.99,-5.78,-5.51,-5.16,-4.79,-4.48,-4.25,-4.02,-3.68,-3.18,-2.46,-1.56,-0.62,0.13,0.56,0.71,0.8
-6.41,-6.05,-5.8,-5.84,-5.68,-5.18,-5.41,-6.7,-7.73,-7.63,-6.82,-6.11,-6.25,-7.57,-9.39,-10.74,-11.24,-11.19,-10.91,-10.64,-10.59,-10.69,-10.53,-9.98,-9.53,-9.77,-10.85,-12.27,-13.32,-13.89,-14.4,-14.86,-14.54,-12.96,-10.68,-8.69,-7.41,-6.85,-7.05,-7.58,-7.43,-6.41,-5.36,-4.83,-4.7,-4.83,-4.86,-4.3,-3.28,-2.39,-2.32,-3.31,-4.73,-6.06,-7.69,-9.43,-10.16,-9.64,-8.69,-7.83,-7.05,-6.43,-6.04,-5.84,-5.69,-5.38,-4.89,-4.31,-3.71,-3.1,-2.56,-2.2,-2.1,-2.22,-2.43,-2.5,-2.27,-1.67,-0.74,0.4
-6.02,-6.12,-6.29,-6.38,-6.29,-6.07,-5.91,-5.8,-5.62,-5.38,-5.23,-5.16,-5.19,-5.46,-5.95,-6.45,-6.79,-6.99,-7.18,-7.52,-8,-8.32,-8.44,-8.61,-8.82,-8.92,-9.05,-9.39,-9.83,-10.32,-11.04,-12.06,-12.93,-12.77,-11.19,-8.76,-6.3,-4.55,-4.41,-6.22,-8.53,-9.12,-7.62,-5.76,-5.07,-5.51,-6.36,-7.34,-8.42,-9.49,-10.43,-11.17,-11.51,-11.27,-10.51,-9.57,-8.82,-8.25,-7.72,-7.2,-6.77,-6.36,-5.94,-5.42,-4.85,-4.39,-4.27,-4.56,-5.15,-5.74,-6.07,-6.09,-5.81,-5.18,-4.22,-2.98,-1.61,-0.32,0.74,1.52
-5.14,-5.24,-5.2,-5.1,-4.96,-4.82,-4.68,-4.58,-4.5,-4.45,-4.44,-4.44,-4.44,-4.5,-4.51,-4.37,-4.13,-4,-4.09,-4.33,-4.57,-4.79,-4.96,-5,-4.85,-4.52,-3.96,-3.14,-2.28,-1.83,-2.71,-5.38,-8.16,-8.18,-5.04,-1.61,-0.46,-1.32,-2.45,-2.94,-3.05,-3.32,-3.95,-5.05,-6.71,-8.37,-9.22,-9.24,-9.16,-9.3,-9.39,-9.22,-8.84,-8.33,-7.83,-7.38,-6.93,-6.52,-6.17,-5.81,-5.41,-5.08,-4.86,-4.76,-4.76,-4.82,-4.76,-4.44,-3.86,-3.32,-3.21,-3.54,-3.74,-3.13,-1.89,-0.94,-0.85,-1.25,-1.5,-1.36
-4.18,-4.22,-4.13,-3.99,-3.89,-3.86,-3.94,-4.18,-4.64,-5.25,-5.84,-6.2,-6.26,-6.2,-6.28,-6.6,-7.08,-7.54,-7.92,-8.3,-8.69,-8.92,-8.9,-8.7,-8.63,-8.9,-9.39,-9.8,-9.94,-9.96,-10.14,-10.32,-9.8,-7.97,-5.18,-2.6,-1.27,-1.44,-2.51,-3.61,-4.18,-4.33,-4.41,-4.65,-5.06,-5.46,-5.76,-6.11,-6.76,-7.46,-7.65,-7.12,-6.32,-5.78,-5.58,-5.52,-5.41,-5.25,-5.07,-4.87,-4.65,-4.43,-4.22,-4.05,-3.88,-3.6,-3.08,-2.34,-1.71,-1.57,-1.98,-2.49,-2.6,-2.1,-1.18,-0.38,-0.25,-0.87,-1.75,-2.23
-3.16,-3.28,-3.37,-3.4,-3.44,-3.52,-3.67,-3.91,-4.21,-4.53,-4.81,-5.06,-5.34,-5.7,-6.19,-6.81,-7.51,-8.09,-8.36,-8.34,-8.11,-7.78,-7.49,-7.35,-7.44,-7.69,-7.96,-8.11,-8.01,-7.49,-6.52,-5.37,-4.4,-3.74,-3.27,-2.76,-2.12,-1.46,-1.13,-1.42,-2.31,-3.25,-3.69,-3.56,-3.31,-3.4,-3.83,-4.3,-4.6,-4.73,-4.81,-4.9,-4.95,-4.9,-4.79,-4.73,-4.77,-4.83,-4.77,-4.56,-4.23,-3.82,-3.36,-2.88,-2.46,-2.23,-2.19,-2.29,-2.48,-2.72,-3,-3.15,-2.83,-1.77,-0.14,1.42,2.18,1.98,1.38,1.08
-1.81,-2.01,-2.24,-2.47,-2.76,-3.1,-3.51,-3.93,-4.34,-4.71,-5.01,-5.26,-5.45,-5.61,-5.74,-5.86,-6,-6.18,-6.38,-6.54,-6.54,-6.36,-6.01,-5.61,-5.22,-4.85,-4.44,-4.02,-3.63,-3.33,-3.06,-2.7,-2.2,-1.64,-1.21,-1,-0.94,-0.88,-0.73,-0.52,-0.33,-0.19,-0.12,-0.19,-0.5,-1.11,-1.98,-2.93,-3.77,-4.33,-4.6,-4.65,-4.59,-4.55,-4.57,-4.68,-4.82,-4.92,-4.94,-4.9,-4.85,-4.85,-4.9,-5.01,-5.2,-5.39,-5.43,-5.15,-4.52,-3.72,-2.99,-2.41,-1.9,-1.34,-0.76,-0.31,-0.22,-0.55,-1.24,-2.11
-1.7,-2.03,-2.37,-2.7,-3.02,-3.38,-3.78,-4.19,-4.59,-4.94,-5.28,-5.64,-6.04,-6.43,-6.7,-6.76,-6.56,-6.17,-5.69,-5.19,-4.75,-4.37,-4.04,-3.74,-3.43,-3.05,-2.62,-2.14,-1.65,-1.18,-0.73,-0.31,0.06,0.36,0.64,0.88,1.07,1.17,1.14,1,0.84,0.71,0.59,0.38,-0.01,-0.59,-1.24,-1.78,-2.08,-2.09,-1.9,-1.69,-1.59,-1.7,-1.93,-2.21,-2.42,-2.46,-2.32,-1.95,-1.38,-0.65,0.13,0.8,1.21,1.23,0.82,0.13,-0.66,-1.3,-1.64,-1.62,-1.33,-0.95,-0.8,-1.15,-2.12,-3.6,-5.23,-6.61
-6.21,-6.47,-6.63,-6.68,-6.63,-6.52,-6.39,-6.29,-6.24,-6.28,-6.44,-6.74,-7.11,-7.43,-7.53,-7.33,-6.81,-6.08,-5.33,-4.69,-4.24,-3.94,-3.72,-3.48,-3.17,-2.8,-2.41,-2.03,-1.69,-1.38,-1.05,-0.66,-0.24,0.17,0.5,0.72,0.82,0.84,0.87,0.95,1.08,1.22,1.33,1.35,1.26,1.06,0.82,0.58,0.38,0.27,0.21,0.24,0.33,0.53,0.83,1.24,1.69,2.08,2.26,2.15,1.68,0.85,-0.3,-1.65,-3.05,-4.25,-4.98,-4.97,-4.17,-2.76,-1.2,0,0.41,-0.1,-1.41,-3.2,-5.15,-6.94,-8.36,-9.22
-10.14,-10.34,-10.5,-10.59,-10.61,-10.53,-10.37,-10.15,-9.89,-9.62,-9.34,-9.07,-8.78,-8.47,-8.11,-7.72,-7.3,-6.84,-6.38,-5.93,-5.5,-5.12,-4.77,-4.48,-4.22,-3.97,-3.69,-3.37,-3,-2.59,-2.17,-1.75,-1.39,-1.09,-0.84,-0.62,-0.41,-0.17,0.13,0.46,0.82,1.16,1.46,1.68,1.81,1.88,1.9,1.92,1.98,2.09,2.25,2.42,2.54,2.54,2.31,1.8,0.97,-0.13,-1.42,-2.75,-3.97,-4.97,-5.69,-6.12,-6.27,-6.16,-5.84,-5.37,-4.84,-4.38,-4.11,-4.09,-4.34,-4.81,-5.39,-5.98,-6.48,-6.83,-7.01,-7.02
