public/data/weather/current/current-wind-surface-level-gfs-1.0.json
{"header": { "discipline":0, "disciplineName":"Meteorological products", "gribEdition":2, "gribLength":65541, "center":7, "centerName":"US National Weather Service - NCEP(WMC)", "subcenter":0, "refTime":"2014-01-24T00:00:00.000Z", "significanceOfRT":1, "significanceOfRTName":"Start of forecast", "productStatus":0, "productStatusName":"Operational products", "productType":1, "productTypeName":"Forecast products", "productDefinitionTemplate":0, "productDefinitionTemplateName":"Analysis/forecast at horizontal level/layer at a point in time", "parameterCategory":2, "parameterCategoryName":"Momentum", "parameterNumber":3, "parameterNumberName":"V-component_of_wind", "parameterUnit":"m.s-1", "genProcessType":2, "genProcessTypeName":"Forecast", "forecastTime":0, "surface1Type":103, "surface1TypeName":"Specified height level above ground", "surface1Value":10.0, "surface2Type":255, "surface2TypeName":"Missing", "surface2Value":0.0, "gridDefinitionTemplate":0, "gridDefinitionTemplateName":"Latitude_Longitude", "numberPoints":65160, "shape":6, "shapeName":"Earth spherical with radius of 6,371,229.0 m", "gridUnits":"degrees", "resolution":48, "winds":"true", "scanMode":0, "nx":360, "ny":181, "basicAngle":0, "subDivisions":0, "lo1":0.0, "la1":90.0, "lo2":359.0, "la2":-90.0, "dx":1.0, "dy":1.0 }, "data":
[rows 144 to 179 of 181, columns 162 to 242 of 360]
-4.66,-2.97,-1.38,0.51,2.65,4.09,5.17,6.07,6.38,6.98,8.46,9.0,6.52,5.82,6.87,8.34,10.69,14.54,16.43,18.54,19.1,16.54,16.43,15.48,0.47,-13.73,-16.86,-14.82,-13.63,-14.15,-14.77,-14.03,-12.92,-11.42,-9.88,-8.8,-7.86,-6.99,-6.16,-5.32,-4.71,-4.29,-4.39,-5.5,-6.86,-7.74,-8.01,-7.7,-7.04,-6.21,-5.57,-5.1,-4.62,-4.42,-4.1,-3.58,-3.52,-3.96,-4.39,-4.75,-5.73,-7.71,-9.24,-10.06,-10.3,-10.36,-10.44,-10.65,-10.73,-10.49,-9.87,-8.8,-7.4,-5.94,-4.72,-3.72,-2.9,-2.13,-1.52,-1.18,-0.76
-4.65,-3.2,-1.68,0.19,2.17,3.94,5.45,6.38,6.53,7.32,8.9,9.13,6.54,5.91,6.85,7.78,10.55,14.23,16.0,18.18,17.81,13.06,11.19,10.46,3.5,-4.45,-6.97,-8.94,-11.14,-12.02,-12.33,-11.62,-10.89,-10.1,-9.27,-8.59,-7.72,-6.37,-4.86,-3.7,-3.17,-3.22,-3.55,-4.13,-4.94,-5.54,-5.75,-5.6,-5.31,-4.81,-4.2,-3.73,-3.48,-3.19,-2.91,-2.74,-2.85,-3.64,-4.53,-5.31,-5.72,-6.81,-8.29,-9.21,-9.97,-10.46,-10.69,-10.99,-11.2,-11.06,-10.37,-9.21,-7.9,-6.74,-5.65,-4.59,-3.82,-2.86,-1.62,-0.97,-0.78
-4.52,-3.32,-1.82,0.08,2.37,4.5,5.93,6.51,6.76,7.76,9.08,8.81,5.8,5.47,6.64,6.93,9.71,12.47,13.87,15.85,15.86,11.19,7.3,5.06,1.95,-1.29,-4.1,-5.91,-7.39,-8.66,-9.24,-9.34,-9.24,-8.84,-8.22,-7.53,-6.81,-5.91,-4.73,-3.7,-3.24,-3.09,-3.08,-3.14,-3.17,-3.17,-3.3,-3.48,-3.54,-3.65,-3.46,-2.92,-2.73,-2.86,-3.12,-3.26,-3.57,-3.92,-4.24,-4.86,-5.54,-6.31,-7.37,-8.26,-9.06,-10.21,-10.75,-11.04,-11.04,-10.44,-9.44,-8.42,-7.5,-6.67,-5.96,-5.36,-4.76,-3.97,-2.99,-1.98,-1.05
-4.13,-3.03,-2.01,-0.38,2.3,4.56,5.9,6.46,6.74,7.83,9.05,7.85,4.43,4.95,5.95,5.44,7.64,9.41,10.68,12.39,13.6,11.55,6.99,3.28,0.37,-1.95,-3.55,-4.89,-6.24,-7.35,-8.01,-8.31,-8.28,-8.04,-7.56,-6.68,-5.51,-4.59,-4.27,-4.3,-4.35,-4.32,-4.2,-3.94,-3.69,-3.55,-3.41,-3.23,-3.04,-2.77,-2.4,-2.23,-2.27,-2.35,-2.49,-2.67,-2.84,-3.04,-3.32,-3.67,-4.36,-5.36,-6.99,-8.57,-9.77,-10.92,-11.3,-10.9,-10.02,-8.98,-8.16,-7.68,-7.39,-7.12,-6.68,-5.82,-4.64,-3.46,-2.58,-2.1,-1.8
-3.65,-3.23,-2.59,-0.93,2.14,4.47,5.71,6.24,6.55,7.79,8.79,5.96,2.49,3.86,3.13,2.19,4.3,5.68,6.77,8.18,9.64,10.28,9.01,5.75,2.14,-0.89,-3.18,-4.78,-5.83,-6.56,-7.08,-7.22,-6.85,-5.97,-4.85,-3.89,-3.31,-2.96,-2.79,-2.93,-3.1,-2.96,-2.59,-2.04,-1.41,-1.02,-0.94,-0.88,-0.67,-0.39,-0.06,0.21,0.23,0.02,-0.22,-0.38,-0.34,0.12,0.28,-0.01,-0.68,-1.86,-3.07,-4.27,-5.38,-6.2,-6.73,-6.99,-7.0,-7.05,-7.33,-7.75,-8.03,-7.76,-6.75,-5.37,-4.29,-3.72,-3.38,-3.07,-2.77
-3.7,-3.47,-3.11,-1.78,1.14,3.42,4.23,4.87,5.84,7.32,7.99,3.85,0.19,1.25,-0.46,-1.02,0.65,1.85,2.82,4.06,5.34,6.18,6.67,6.59,5.36,3.3,1.18,-0.57,-1.8,-2.51,-2.82,-2.95,-3.09,-3.12,-3.0,-2.79,-2.34,-2.03,-1.56,-0.78,-0.37,-0.09,0.44,1.03,1.82,2.51,2.78,2.75,2.71,2.65,2.67,2.84,3.1,3.4,3.45,3.28,3.34,3.47,3.29,2.99,2.54,1.81,1.03,0.34,-0.26,-0.85,-1.29,-1.6,-1.94,-2.52,-3.28,-4.09,-4.76,-4.98,-4.82,-4.39,-3.93,-3.69,-3.52,-3.22,-2.91
-5.65,-5.1,-4.44,-2.96,-0.51,1.25,1.44,1.98,4.09,7.01,8.77,3.95,-2.36,-1.37,-1.4,-3.07,-3.19,-1.91,-0.59,0.27,1.41,2.4,2.77,2.82,2.8,2.51,1.88,1.07,0.15,-0.52,-1.08,-1.48,-1.48,-1.08,-0.84,-0.82,-0.34,-0.17,0.16,0.76,1.09,1.41,1.8,2.27,2.8,3.29,3.62,3.75,3.62,3.31,2.91,2.51,2.23,2.23,2.51,2.85,3.07,3.08,3.03,3.0,2.94,2.76,2.41,1.95,1.44,0.91,0.47,0.07,-0.41,-0.98,-1.63,-2.35,-3.16,-4.06,-4.35,-3.84,-3.61,-3.73,-3.96,-4.12,-4.1
-8.97,-7.47,-5.77,-4.24,-2.8,-1.95,-2.45,-2.0,1.23,5.59,8.97,7.11,-0.15,-3.46,-2.63,-3.51,-6.01,-6.3,-4.63,-3.19,-2.25,-1.51,-0.84,-0.29,0.11,0.32,0.04,-0.47,-0.9,-0.96,-1.15,-1.41,-1.33,-0.94,-0.57,-0.21,0.23,0.6,0.89,0.98,1.03,1.18,1.46,1.81,2.23,2.78,3.39,3.87,4.05,3.87,3.37,2.73,2.18,1.9,2.02,2.41,2.82,3.07,3.13,3.02,2.8,2.52,2.22,1.93,2.02,2.15,1.94,1.55,1.26,0.95,0.74,0.47,-0.28,-0.98,-1.65,-2.6,-3.43,-3.98,-4.71,-5.36,-5.39
-9.46,-8.41,-6.84,-5.25,-3.77,-3.97,-5.4,-4.4,-1.18,1.72,4.99,7.53,4.23,-2.62,-5.35,-4.63,-5.91,-8.49,-8.76,-7.03,-5.32,-4.3,-3.64,-3.16,-2.82,-2.51,-2.31,-2.1,-1.88,-1.67,-1.54,-1.49,-1.39,-1.29,-1.07,-0.81,-0.59,-0.35,-0.08,0.3,0.72,1.07,1.31,1.5,1.74,2.12,2.58,3.03,3.36,3.46,3.25,2.75,2.08,1.44,1.24,1.67,2.02,2.01,1.91,1.91,1.88,1.74,1.5,1.12,1.2,1.51,1.32,1.38,1.79,2.04,2.22,2.21,1.72,0.58,-0.91,-2.53,-3.83,-4.61,-5.28,-5.82,-5.97
-9.51,-8.38,-6.9,-5.62,-6.0,-7.47,-6.92,-4.11,-2.01,-1.22,0.56,3.89,5.79,1.99,-3.43,-5.4,-5.51,-7.47,-10.13,-10.56,-9.15,-7.49,-6.34,-5.49,-4.71,-4.0,-3.46,-3.15,-3.0,-2.84,-2.63,-2.38,-2.14,-1.86,-1.54,-1.15,-0.65,0.01,0.75,1.54,2.23,2.73,2.98,3.02,2.92,2.79,2.73,2.77,2.87,2.93,2.83,2.52,2.07,1.57,1.14,0.99,1.13,1.44,1.75,1.93,1.99,1.89,1.69,1.46,1.14,0.92,0.77,0.94,1.19,1.25,1.41,1.42,1.41,1.33,0.61,-0.95,-3.33,-5.5,-6.54,-6.71,-6.54
-9.76,-8.46,-7.37,-8.07,-9.55,-8.96,-6.31,-3.93,-2.86,-1.72,0.15,1.86,3.05,3.3,1.9,-0.32,-2.31,-4.31,-7.27,-10.28,-11.2,-10.09,-8.52,-7.37,-6.43,-5.6,-4.86,-4.2,-3.78,-3.62,-3.55,-3.36,-2.9,-2.22,-1.48,-0.77,-0.1,0.52,1.09,1.62,2.05,2.35,2.51,2.52,2.46,2.45,2.51,2.65,2.77,2.77,2.64,2.35,1.93,1.46,1.08,0.89,0.88,0.99,1.11,1.16,1.15,1.1,0.96,0.78,0.63,0.57,0.4,0.19,0.45,0.55,0.36,-0.13,-0.63,-0.52,-0.14,-0.58,-2.43,-4.78,-6.53,-7.3,-7.18
-10.09,-10.06,-10.58,-11.0,-10.42,-8.58,-6.41,-4.97,-4.06,-2.62,-0.6,1.2,2.69,3.34,2.93,1.4,-0.64,-2.58,-4.11,-6.83,-10.07,-11.32,-10.28,-8.82,-7.72,-6.64,-5.7,-4.98,-4.36,-3.79,-3.19,-2.5,-1.87,-1.43,-1.14,-0.91,-0.65,-0.32,0.07,0.43,0.67,0.76,0.77,0.76,0.92,1.26,1.57,1.94,2.25,2.23,1.99,1.63,1.28,0.98,0.76,0.67,0.75,0.94,1.32,2.03,2.21,1.76,1.46,1.24,0.95,0.63,0.22,-0.42,-1.1,-1.16,-1.03,-1.48,-2.24,-2.98,-3.27,-3.34,-3.71,-4.57,-5.76,-6.71,-6.92
-9.25,-10.5,-11.09,-10.64,-9.47,-8.11,-6.69,-5.33,-4.13,-3.06,-1.84,-0.28,1.38,2.41,2.1,0.83,-0.68,-2.37,-3.97,-5.83,-8.23,-10.07,-10.19,-9.02,-7.75,-6.65,-5.58,-4.52,-3.42,-2.33,-1.39,-0.84,-0.72,-0.72,-0.53,-0.2,0.27,0.71,0.89,1.03,1.14,1.11,1.0,0.94,1.0,1.15,1.31,1.51,1.75,1.93,1.97,1.76,1.4,1.11,1.07,1.26,1.64,2.16,2.68,3.02,3.22,3.25,3.05,2.61,2.06,1.45,0.71,-0.26,-1.64,-3.13,-3.91,-3.82,-3.57,-3.53,-3.48,-3.64,-4.25,-4.95,-5.51,-5.95,-6.15
-3.96,-5.63,-6.38,-5.91,-5.1,-4.79,-4.54,-4.3,-4.22,-3.84,-3.29,-2.82,-2.16,-1.3,-0.93,-1.62,-2.95,-4.13,-5.08,-6.4,-7.9,-8.67,-8.54,-7.86,-6.9,-5.78,-4.56,-3.33,-2.22,-1.42,-0.92,-0.57,-0.24,0.17,0.61,0.95,1.12,1.12,1.1,1.4,1.67,1.72,1.66,1.54,1.44,1.44,1.58,1.84,2.14,2.37,2.43,2.59,2.96,3.14,3.18,3.49,4.0,4.48,4.74,4.8,4.72,4.54,4.27,3.91,3.45,2.8,1.8,0.47,-1.15,-3.08,-4.91,-5.95,-5.99,-5.52,-4.86,-4.26,-4.01,-4.09,-4.4,-4.76,-5.04
-2.11,-2.99,-3.54,-3.77,-3.75,-3.49,-3.06,-2.64,-2.63,-3.05,-3.26,-3.47,-4.02,-4.48,-4.48,-4.49,-5.21,-6.24,-6.97,-7.59,-8.33,-8.71,-8.39,-7.67,-6.56,-5.26,-4.03,-3.01,-2.24,-1.71,-1.21,-0.62,0.04,0.81,1.58,1.94,2.0,2.06,1.96,1.93,2.45,2.83,2.78,2.66,2.51,2.27,2.13,2.14,2.26,2.47,2.73,3.08,3.54,4.1,4.76,5.36,5.72,5.95,6.14,6.26,6.22,6.09,5.88,5.6,5.08,4.18,2.81,1.02,-0.91,-2.83,-4.85,-6.5,-7.21,-7.28,-7.04,-6.64,-6.21,-5.8,-5.47,-5.26,-5.21
-1.76,-2.21,-2.62,-2.96,-3.15,-3.22,-3.21,-2.92,-2.37,-1.86,-1.62,-1.87,-2.72,-3.98,-5.15,-5.89,-6.38,-7.02,-7.86,-8.63,-9.03,-8.89,-8.32,-7.59,-6.75,-5.7,-4.57,-3.52,-2.64,-1.86,-1.04,-0.11,0.88,1.76,2.48,2.75,2.7,2.86,3.59,4.14,4.26,4.18,4.09,4.0,3.92,3.8,3.63,3.43,3.3,3.34,3.55,3.98,4.55,5.08,5.54,6.0,6.48,6.86,7.03,7.08,7.23,7.52,7.69,7.47,6.77,5.74,4.4,2.65,0.3,-2.48,-5.09,-6.97,-8.01,-8.24,-7.82,-7.39,-7.23,-7.02,-6.7,-6.39,-6.14
-0.81,-1.44,-1.76,-1.96,-2.5,-3.04,-3.25,-3.38,-3.69,-4.02,-3.86,-3.54,-3.33,-3.41,-4.02,-5.11,-6.31,-7.27,-7.98,-8.74,-9.41,-9.66,-9.29,-8.5,-7.66,-6.77,-5.69,-4.47,-3.2,-1.94,-0.8,0.03,0.53,1.05,1.68,2.23,2.64,3.19,3.63,3.54,3.37,3.87,4.45,4.71,4.85,4.97,5.04,5.03,4.99,4.95,4.98,5.09,5.34,5.72,6.15,6.48,6.69,6.95,7.49,8.32,9.07,9.37,9.25,9.11,9.26,9.4,9.1,8.14,6.36,3.78,0.48,-3.41,-6.88,-8.57,-8.69,-8.02,-7.29,-6.78,-6.45,-6.14,-5.85
-0.66,-1.72,-2.01,-0.68,0.84,-0.01,-2.62,-5.44,-7.14,-7.69,-7.38,-6.69,-5.83,-5.34,-5.35,-5.59,-6.11,-6.9,-7.7,-8.38,-8.91,-9.22,-9.18,-8.77,-8.15,-7.41,-6.52,-5.39,-4.03,-2.49,-1.14,-0.38,0.01,0.42,0.93,1.55,2.22,2.7,2.84,2.8,2.8,3.19,3.9,4.68,5.41,5.91,6.16,6.14,5.94,5.65,5.46,5.53,5.79,5.98,5.9,5.84,6.28,7.39,8.69,9.54,9.52,8.83,7.96,7.56,8.47,9.99,10.92,10.86,10.02,8.68,6.91,4.54,1.65,-1.38,-3.97,-5.33,-5.55,-5.17,-4.71,-4.35,-4.1
-2.06,-0.96,-0.81,-1.28,-1.6,-1.65,-1.66,-1.42,-0.3,0.73,0.43,-1.45,-4.08,-6.34,-7.64,-8.01,-7.83,-7.62,-7.6,-7.8,-8.11,-8.38,-8.47,-8.26,-7.8,-7.22,-6.52,-5.62,-4.53,-3.3,-2.09,-1.09,-0.43,0.04,0.48,1.0,1.58,2.13,2.67,2.96,2.9,2.96,3.54,4.42,5.24,5.88,6.32,6.45,6.29,5.99,5.86,5.95,5.87,5.29,4.6,4.65,5.79,7.49,8.93,9.65,9.56,8.7,7.33,5.94,5.24,5.27,5.91,6.82,7.77,8.12,7.6,6.54,5.45,4.49,3.7,2.76,1.61,0.8,0.44,0.3,0.14
-5.14,-4.58,-4.16,-3.43,-2.09,-0.85,-0.11,0.69,2.01,3.54,4.5,4.39,2.77,-0.19,-3.81,-7.11,-9.35,-10.11,-9.76,-9.04,-8.49,-8.14,-7.85,-7.5,-7.07,-6.58,-6.01,-5.33,-4.47,-3.49,-2.47,-1.57,-0.95,-0.4,0.38,1.22,1.75,1.78,1.58,1.63,1.94,2.39,3.05,3.89,4.82,5.67,6.26,6.46,6.27,6.01,5.92,5.81,5.25,4.05,2.77,2.47,3.28,4.67,6.07,7.45,8.8,9.19,8.14,6.51,5.11,3.86,2.94,2.4,1.85,1.18,1.4,3.66,6.43,6.79,5.59,4.83,4.81,5.0,5.05,5.04,5.2
-3.16,-2.52,-1.1,0.34,2.09,3.72,4.65,4.8,4.89,5.51,6.29,6.3,4.79,1.75,-1.84,-5.07,-7.5,-8.96,-9.49,-8.96,-8.13,-7.52,-7.09,-6.64,-6.12,-5.54,-4.91,-4.23,-3.48,-2.7,-1.9,-1.11,-0.33,0.39,0.98,1.35,1.4,1.26,1.11,1.1,1.21,1.52,2.24,3.16,3.88,4.44,4.81,4.77,4.53,4.4,4.44,4.36,3.73,2.35,0.72,-0.21,0.06,1.25,2.69,3.81,4.46,4.84,5.16,5.53,5.74,5.63,5.25,4.94,4.74,3.87,2.1,-0.21,-1.62,-1.2,0.03,1.0,1.75,2.5,3.2,4.05,5.12
-2.31,-0.91,0.85,2.28,2.77,2.51,2.13,2.48,3.85,5.83,7.52,8.23,7.64,5.75,2.78,-0.43,-3.2,-5.16,-6.34,-6.77,-6.79,-6.58,-6.22,-5.78,-5.29,-4.74,-4.13,-3.42,-2.62,-1.74,-0.86,-0.08,0.51,0.88,1.02,1.01,0.93,0.94,1.15,1.6,2.16,2.62,2.91,3.23,3.58,3.76,3.72,3.67,3.85,4.31,4.79,4.84,4.07,2.51,0.72,-0.52,-0.72,0.08,1.29,2.13,2.07,1.16,-0.1,-1.08,-1.18,-0.83,-0.6,-0.77,-1.23,-1.54,-1.43,-0.9,-0.14,0.73,1.68,2.64,3.63,4.78,6.01,7.08,7.8
2.86,4.36,4.41,2.73,0.8,0.28,1.34,2.88,3.76,3.82,3.69,3.89,4.4,4.81,4.83,4.31,3.38,2.21,0.98,-0.16,-1.1,-1.8,-2.21,-2.34,-2.25,-1.97,-1.55,-1.03,-0.51,-0.01,0.46,0.9,1.3,1.63,1.86,2.02,2.22,2.57,3.02,3.4,3.51,3.51,3.57,3.52,3.16,2.65,2.36,2.63,3.22,3.75,3.66,3.2,2.54,1.53,0.49,-0.27,-0.66,-0.64,-0.14,0.66,1.3,1.39,0.95,0.34,-0.15,-0.39,-0.55,-0.82,-1.25,-1.75,-2.0,-1.83,-1.01,0.25,1.65,2.78,3.5,3.94,4.31,4.7,5.0
0.94,1.8,2.49,2.26,1.64,1.83,3.18,4.78,5.71,5.81,5.47,5.11,4.72,4.35,3.94,3.44,2.84,2.23,1.69,1.26,0.94,0.72,0.62,0.65,0.79,0.98,1.17,1.34,1.52,1.72,1.96,2.21,2.43,2.62,2.82,3.17,3.75,4.57,5.3,5.67,5.24,4.44,3.22,1.9,1.06,1.03,1.57,1.94,2.2,2.12,1.64,0.75,-0.39,-1.41,-2.1,-2.22,-1.88,-1.28,-0.71,-0.41,-0.38,-0.46,-0.5,-0.38,-0.15,0.0,-0.1,-0.43,-0.74,-0.81,-0.72,-0.87,-1.58,-2.84,-3.96,-4.39,-3.93,-2.89,-1.86,-1.06,-0.28
0.85,1.55,2.07,2.19,1.89,1.55,1.78,2.66,3.63,4.01,3.75,3.17,2.62,2.28,2.15,2.1,2.07,1.99,1.89,1.84,1.91,2.12,2.31,2.49,2.71,2.94,3.18,3.42,3.69,4.0,4.37,4.73,4.94,4.87,4.55,4.12,3.84,3.5,3.57,3.24,2.39,1.24,0.51,0.74,1.95,3.71,5.26,5.99,5.79,5.21,4.89,4.83,4.63,4.01,3.08,2.35,2.05,2.09,2.19,2.09,1.73,1.27,0.92,0.77,0.77,0.8,0.69,0.36,-0.07,-0.41,-0.55,-0.67,-1.06,-2.08,-3.69,-5.5,-6.86,-7.45,-7.18,-6.3,-5.16
-1.07,-0.71,0.1,0.99,1.73,2.24,2.58,2.76,2.76,2.59,2.26,1.82,1.36,0.89,0.51,0.29,0.29,0.49,0.82,1.22,1.6,1.92,2.21,2.45,2.67,2.83,2.97,3.08,3.17,3.26,3.37,3.51,3.69,3.88,4.01,4.01,3.8,3.45,3.04,2.67,2.36,1.98,1.4,0.62,-0.2,-0.75,-0.89,-0.71,-0.44,-0.22,-0.04,0.12,0.26,0.37,0.44,0.47,0.51,0.61,0.74,0.83,0.91,0.97,1.04,1.13,1.28,1.49,1.65,1.57,1.51,1.21,0.6,-0.35,-1.65,-3.25,-4.85,-6.11,-7.04,-7.7,-8.2,-8.52,-8.56
2.36,2.3,2.21,2.12,1.99,1.76,1.38,0.9,0.4,-0.06,-0.41,-0.66,-0.82,-0.88,-0.81,-0.59,-0.21,0.29,0.87,1.48,2.02,2.44,2.73,2.94,3.08,3.2,3.3,3.38,3.47,3.52,3.54,3.53,3.45,3.25,2.93,2.6,2.41,2.38,2.44,2.46,2.31,2.01,1.62,1.2,0.75,0.26,-0.32,-0.98,-1.6,-2.02,-2.12,-1.87,-1.37,-0.78,-0.3,-0.01,0.09,0.06,-0.04,-0.18,-0.39,-0.66,-0.95,-1.2,-1.22,-0.93,-0.39,0.3,0.87,1.05,0.65,-0.25,-1.65,-3.36,-4.98,-6.26,-7.17,-7.74,-8.02,-8.11,-8.17
1.22,1.29,1.47,1.7,1.87,1.82,1.48,0.9,0.21,-0.46,-1.0,-1.29,-1.27,-1.0,-0.6,-0.12,0.4,0.94,1.43,1.87,2.23,2.54,2.82,3.07,3.32,3.53,3.72,3.87,3.97,4.03,4.03,3.99,3.91,3.8,3.62,3.38,3.08,2.71,2.3,1.91,1.64,1.55,1.62,1.8,1.93,1.81,1.3,0.38,-0.72,-1.83,-2.82,-3.55,-3.98,-4.09,-3.95,-3.6,-3.1,-2.55,-2.0,-1.55,-1.28,-1.22,-1.33,-1.46,-1.49,-1.36,-1.05,-0.67,-0.4,-0.38,-0.7,-1.36,-2.31,-3.48,-4.65,-5.67,-6.51,-7.16,-7.62,-7.94,-8.14
1.89,1.94,1.82,1.52,1.08,0.63,0.27,0.03,-0.08,-0.05,0.08,0.23,0.41,0.6,0.8,1.01,1.24,1.49,1.78,2.11,2.48,2.87,3.27,3.67,4.06,4.42,4.75,5.06,5.33,5.55,5.72,5.83,5.84,5.74,5.53,5.19,4.72,4.08,3.33,2.47,1.57,0.72,-0.06,-0.74,-1.28,-1.68,-1.89,-1.98,-1.98,-1.95,-1.92,-1.95,-2.02,-2.15,-2.28,-2.39,-2.45,-2.43,-2.32,-2.1,-1.84,-1.59,-1.36,-1.17,-1.06,-1.02,-1.04,-1.12,-1.26,-1.44,-1.67,-1.96,-2.35,-2.83,-3.42,-4.09,-4.84,-5.62,-6.38,-7.04,-7.59
2.42,2.14,1.88,1.61,1.35,1.08,0.81,0.55,0.3,0.12,0.01,-0.04,-0.01,0.11,0.29,0.55,0.92,1.36,1.86,2.41,2.97,3.51,4.01,4.46,4.86,5.23,5.57,5.91,6.27,6.62,6.97,7.28,7.51,7.61,7.57,7.36,6.92,6.33,5.59,4.64,3.6,2.5,1.44,0.56,-0.2,-0.79,-1.14,-1.34,-1.38,-1.26,-1.1,-0.93,-0.78,-0.7,-0.64,-0.62,-0.6,-0.59,-0.59,-0.62,-0.7,-0.8,-1.01,-1.29,-1.64,-2.03,-2.41,-2.75,-3.03,-3.24,-3.42,-3.59,-3.78,-4.03,-4.32,-4.66,-5.05,-5.44,-5.82,-6.1,-6.29
3.58,3.77,3.95,4.11,4.12,4.15,4.12,4.23,4.38,4.55,4.65,4.63,4.37,3.97,3.31,2.66,2.1,1.8,1.63,1.86,2.16,2.6,3.05,3.49,3.88,4.26,4.65,5.07,5.53,6.06,6.61,7.18,7.71,8.22,8.62,8.92,9.09,9.07,8.89,8.57,8.08,7.49,6.78,6.01,5.21,4.4,3.62,2.89,2.27,1.71,1.32,0.99,0.77,0.6,0.46,0.32,0.15,-0.05,-0.27,-0.52,-0.78,-1.02,-1.24,-1.4,-1.52,-1.57,-1.58,-1.55,-1.49,-1.43,-1.38,-1.34,-1.31,-1.33,-1.38,-1.45,-1.55,-1.67,-1.81,-1.96,-2.11
6.75,6.24,5.76,5.25,4.78,4.29,3.84,3.36,2.96,2.64,2.42,2.48,2.71,3.31,4.04,4.91,5.79,6.34,6.86,6.67,6.43,5.7,4.92,3.95,3.03,2.27,1.69,1.38,1.31,1.5,1.98,2.63,3.54,4.51,5.49,6.43,7.22,7.9,8.35,8.66,8.77,8.74,8.57,8.28,7.91,7.45,6.96,6.47,5.97,5.53,5.13,4.82,4.6,4.47,4.42,4.41,4.42,4.44,4.39,4.32,4.14,3.93,3.6,3.26,2.85,2.45,2.09,1.77,1.58,1.45,1.44,1.48,1.56,1.63,1.66,1.65,1.57,1.45,1.3,1.14,1.0
8.28,8.21,8.12,8.01,7.9,7.78,7.67,7.56,7.47,7.38,7.32,7.27,7.29,7.31,7.41,7.52,7.66,7.83,7.99,8.08,8.16,8.09,7.94,7.72,7.32,6.91,6.39,5.86,5.39,4.98,4.67,4.62,4.61,4.86,5.2,5.63,6.13,6.63,7.1,7.54,7.77,7.96,8.02,8.0,7.9,7.7,7.47,7.11,6.74,6.31,5.87,5.44,5.04,4.64,4.53,4.42,4.57,4.9,5.28,5.89,6.49,6.98,7.44,7.63,7.51,7.24,6.44,5.58,4.39,3.1,1.86,0.66,-0.44,-1.26,-2.0,-2.34,-2.58,-2.63,-2.54,-2.4,-2.2
7.44,7.44,7.44,7.44,7.43,7.42,7.41,7.39,7.37,7.35,7.33,7.3,7.28,7.27,7.26,7.25,7.26,7.27,7.29,7.37,7.43,7.51,7.63,7.76,7.9,8.05,8.22,8.38,8.5,8.63,8.74,8.76,8.77,8.78,8.69,8.58,8.48,8.32,8.16,8.0,7.84,7.7,7.55,7.39,7.24,7.08,6.85,6.62,6.39,6.05,5.71,5.36,4.98,4.59,4.2,3.88,3.56,3.25,3.07,2.9,2.72,2.67,2.62,2.58,2.59,2.61,2.62,2.63,2.63,2.63,2.59,2.53,2.48,2.35,2.22,2.09,1.92,1.74,1.55,1.34,1.13
6.75,6.73,6.7,6.67,6.63,6.61,6.58,6.54,6.51,6.48,6.45,6.41,6.38,6.35,6.32,6.3,6.28,6.25,6.23,6.21,6.19,6.18,6.16,6.15,6.14,6.12,6.11,6.09,6.06,6.04,6.01,5.99,5.95,5.91,5.87,5.83,5.78,5.74,5.69,5.64,5.59,5.53,5.47,5.42,5.36,5.27,5.19,5.11,5.03,4.92,4.81,4.69,4.57,4.43,4.27,4.11,3.96,3.8,3.62,3.44,3.27,3.09,2.92,2.75,2.58,2.4,2.25,2.11,1.95,1.8,1.67,1.55,1.42,1.31,1.19,1.1,1.01,0.91,0.82,0.75,0.68
5.08,5.06,5.05,5.03,5.0,4.98,4.96,4.93,4.9,4.88,4.85,4.82,4.79,4.75,4.72,4.68,4.65,4.61,4.58,4.54,4.49,4.45,4.41,4.37,4.32,4.28,4.24,4.19,4.14,4.09,4.04,3.99,3.94,3.89,3.84,3.78,3.73,3.67,3.61,3.56,3.5,3.45,3.38,3.33,3.27,3.2,3.14,3.08,3.01,2.95,2.88,2.81,2.74,2.67,2.61,2.54,2.46,2.39,2.31,2.24,2.16,2.08,2.01,1.93,1.85,1.77,1.7,1.62,1.54,1.46,1.38,1.31,1.23,1.15,1.08,1.01,0.93,0.85,0.78,0.71,0.65
