public/data/weather/current/current-wind-isobaric-1000hPa-gfs-1.0.json
{"header": { "discipline": 0, "disciplineName": "Meteorological products", "gribEdition": 2, "gribLength": 133585, "center": 7, "centerName": "US National Weather Service - NCEP(WMC)", "subcenter": 0, "refTime": "2013-11-30T18:00:00.000Z", "significanceOfRT": 1, "significanceOfRTName": "Start of forecast", "productStatus": 0, "productStatusName": "Operational products", "productType": 1, "productTypeName": "Forecast products", "productDefinitionTemplate": 0, "productDefinitionTemplateName": "Analysis/forecast at horizontal level/layer at a point in time", "parameterCategory": 2, "parameterCategoryName": "Momentum", "parameterNumber": 2, "parameterNumberName": "U-component_of_wind", "parameterUnit": "m.s-1", "genProcessType": 2, "genProcessTypeName": "Forecast", "forecastTime": 6, "surface1Type": 100, "surface1TypeName": "Isobaric surface", "surface1Value": 100000, "surface2Type": 255, "surface2TypeName": "Missing", "surface2Value": 0, "gridDefinitionTemplate": 0, "gridDefinitionTemplateName": "Latitude_Longitude", "numberPoints": 65160, "shape": 6, "shapeName": "Earth spherical with radius of 6,371,229.0 m", "gridUnits": "degrees", "resolution": 48, "winds": "true", "scanMode": 0, "nx": 360, "ny": 181, "basicAngle": 0, "subDivisions": 0, "lo1": 0, "la1": 90, "lo2": 359, "la2": -90, "dx": 1, "dy": 1 }, "data":
[rows 0 to 34 of 181, columns 240 to 319 of 360]
4,4.11,4.21,4.32,4.43,4.53,4.63,4.73,4.83,4.93,5.03,5.12,5.21,5.31,5.4,5.48,5.57,5.66,5.74,5.82,5.9,5.98,6.05,6.13,6.2,6.27,6.34,6.41,6.47,6.53,6.59,6.65,6.71,6.76,6.82,6.87,6.92,6.96,7.01,7.05,7.09,7.13,7.16,7.2,7.23,7.26,7.28,7.31,7.33,7.35,7.37,7.38,7.4,7.41,7.42,7.42,7.43,7.43,7.43,7.43,7.42,7.42,7.41,7.4,7.38,7.37,7.35,7.33,7.31,7.28,7.25,7.22,7.19,7.16,7.12,7.08,7.04,7,6.96,6.91
4.14,4.27,4.4,4.53,4.66,4.78,4.91,5.03,5.16,5.28,5.4,5.52,5.65,5.76,5.88,6,6.12,6.23,6.34,6.45,6.56,6.67,6.77,6.88,6.97,7.07,7.17,7.26,7.35,7.43,7.51,7.59,7.67,7.75,7.82,7.89,7.95,8.02,8.08,8.13,8.18,8.23,8.28,8.32,8.36,8.4,8.43,8.46,8.49,8.52,8.54,8.56,8.58,8.59,8.61,8.62,8.62,8.63,8.63,8.62,8.61,8.6,8.59,8.57,8.56,8.53,8.51,8.48,8.45,8.42,8.38,8.34,8.3,8.25,8.2,8.15,8.09,8.03,7.97,7.91
4.01,4.18,4.33,4.49,4.64,4.78,4.92,5.07,5.22,5.36,5.5,5.65,5.79,5.92,5.46,5.6,5.73,5.86,5.99,6.12,6.24,6.37,6.49,6.61,6.72,6.83,6.94,7.05,7.16,7.25,7.34,7.44,7.52,7.6,7.68,7.76,7.82,7.89,7.95,8.01,8.07,8.12,8.17,8.21,8.25,8.28,8.32,8.35,8.38,8.4,8.41,8.43,8.44,8.44,8.44,8.43,8.43,8.41,8.4,8.38,8.36,8.33,9.04,9.02,8.99,8.96,8.93,8.89,8.85,8.8,8.75,8.72,8.68,8.62,8.55,8.49,8.42,8.35,8.27,8.2
3.59,3.8,4,4.21,4.41,4.62,4.83,5.04,5.26,5.49,5.71,5.94,6.15,6.37,6.57,6.77,6.96,7.14,7.31,7.48,7.64,7.8,7.96,8.11,8.26,8.41,8.54,8.67,8.78,8.9,9.01,9.1,9.19,9.27,9.35,9.41,9.47,9.52,9.57,9.6,9.64,9.66,9.69,9.71,9.72,9.74,9.75,9.76,9.76,9.76,9.75,9.74,9.72,9.7,9.68,9.65,9.63,9.6,9.58,9.55,9.52,9.48,9.44,9.39,9.33,9.27,9.2,9.13,9.05,8.97,8.91,8.84,8.79,8.75,8.71,8.68,8.65,8.61,8.57,8.51
3.38,3.66,3.95,4.24,4.53,4.8,5.07,5.33,5.58,5.84,6.11,6.38,6.65,6.91,7.15,7.39,7.6,7.8,7.99,8.17,8.36,8.55,8.75,8.95,9.14,9.33,9.49,9.63,9.76,9.88,9.99,10.09,10.2,10.3,10.39,10.49,10.57,10.64,10.71,10.77,10.81,10.85,10.88,10.9,10.92,10.92,10.91,10.9,10.88,10.86,10.84,10.82,10.8,10.78,10.76,10.72,10.69,10.66,10.64,10.61,10.58,10.56,10.52,10.48,10.43,10.37,10.29,10.21,10.11,10.02,9.92,9.83,9.73,9.63,9.53,9.42,9.3,9.19,9.07,8.97
3.13,3.44,3.74,4.05,4.36,4.66,4.96,5.26,5.55,5.85,6.13,6.42,6.71,6.98,7.24,7.48,7.71,7.94,8.15,8.35,8.55,8.75,8.93,9.1,9.26,9.4,9.51,9.59,9.66,9.71,9.77,9.85,9.96,10.1,10.24,10.38,10.49,10.59,10.68,10.78,10.89,11.02,11.15,11.29,11.4,11.51,11.61,11.71,11.8,11.88,11.95,11.99,12,12.01,12.02,12.04,12.04,12.03,12,11.94,11.86,11.79,11.71,11.64,11.55,11.44,11.32,11.19,11.08,11.01,10.98,10.99,11,11.01,10.97,10.9,10.78,10.63,10.5,10.41
2.99,3.29,3.6,3.9,4.19,4.48,4.77,5.05,5.32,5.59,5.85,6.11,6.36,6.61,6.85,7.08,7.31,7.53,7.72,7.9,8.05,8.19,8.32,8.43,8.51,8.56,8.62,8.68,8.78,8.88,8.98,9.06,9.11,9.18,9.27,9.4,9.57,9.79,10.07,10.42,10.87,11.39,11.94,12.43,12.84,13.14,13.37,13.57,13.74,13.88,13.98,14.05,14.09,14.12,14.11,14.05,13.92,13.71,13.42,13.07,12.73,12.42,12.17,11.96,11.76,11.56,11.34,11.12,10.94,10.8,10.7,10.66,10.68,10.81,11.05,11.38,11.76,12.15,12.49,12.8
3.19,3.5,3.8,4.07,4.32,4.57,4.83,5.09,5.32,5.51,5.69,5.89,6.1,6.28,6.4,6.49,6.58,6.68,6.77,6.8,6.8,6.78,6.77,6.73,6.65,6.55,6.49,6.53,6.66,6.81,6.94,7.07,7.26,7.51,7.75,7.91,8.01,8.04,8.03,7.88,7.45,6.61,6.12,5.56,5.09,4.7,4.31,3.9,3.51,3.29,3.56,3.74,4.34,4.93,5.25,5.51,5.53,5.37,5.22,5.3,5.74,6.49,7.41,8.34,9.17,9.85,10.34,10.67,10.86,10.87,10.6,9.98,9.03,8.03,7.19,6.58,6.28,6.32,6.79,7.64
3.73,4.04,4.32,4.58,4.82,5.05,5.26,5.42,5.57,5.72,5.86,5.96,6,6.04,6.07,6.08,6.04,5.96,5.86,5.75,5.58,5.32,5.01,4.69,4.44,4.26,4.09,3.86,3.56,3.1,2.46,1.75,1.11,0.77,0.69,0.77,0.9,0.99,1.02,0.95,0.78,0.53,0.3,0.24,0.48,1,1.62,2.06,2.15,1.84,1.27,0.7,0.36,0.39,0.78,1.4,2.02,2.42,2.48,2.39,2.08,1.18,0.66,1,1.7,2.49,3.03,3.13,3.12,3,2.62,2.79,3.7,4.39,4.24,3.92,2.92,1.99,3,5.46
4.4,4.69,4.96,5.2,5.42,5.61,5.77,5.89,5.98,6.05,6.1,6.12,6.09,6.05,6,5.9,5.66,5.3,4.91,4.51,4.14,3.79,3.3,2.44,1.56,1.17,1.26,1.8,2.41,2.61,1.94,1.15,0.9,0.63,0,-1.04,-2.08,-2.58,-2.32,-1.51,-0.69,-0.38,-0.65,-1.08,-1.06,-0.34,0.74,1.64,2.06,2.11,1.98,1.63,0.86,-0.27,-1.42,-1.77,-1.61,-1.48,-1.88,-2.76,-3.67,-3.69,-2.55,-0.87,0.5,1.18,1.46,1.84,2.58,3.52,4.3,4.63,4.46,3.89,3.08,2.21,1.54,1.48,2.42,4.46
5.02,5.26,5.47,5.66,5.83,5.95,6.01,6.06,6.11,6.14,6.11,6.03,5.92,5.78,5.6,5.38,5.07,4.63,4.05,3.5,3.16,2.96,2.55,1.65,0.52,-1.01,-2.09,-2,-0.82,0.83,2.17,2.77,3.15,2.57,2.29,2.46,2.65,2.29,0.91,-1.13,-2.74,-3.13,-2.48,-1.5,-0.78,-0.48,-0.57,-1,-1.65,-2.44,-3.62,-5.74,-6.74,-6.96,-6.91,-6.28,-4.85,-4.06,-3.24,-2.87,-3.13,-3.7,-3.94,-3.47,-2.56,-1.86,-1.7,-1.75,-1.22,0.22,2.14,3.67,4.17,3.69,2.79,2.22,2.51,3.73,5.45,6.99
5.48,5.62,5.7,5.79,5.83,5.82,5.82,5.84,5.83,5.75,5.65,5.48,5.22,4.86,4.36,3.76,3.31,3.3,3.95,4.82,4.89,4.52,4.38,4.37,4.15,3.92,2.85,0.46,-1.33,-1.6,-0.5,0.83,1.2,0.39,-0.63,-0.8,-0.38,-0.64,-1.82,-2.67,-2.25,-1.1,-0.17,0.3,0.47,0.15,-0.6,-2.23,-3,-3.09,-2.86,-1.67,-0.1,0.95,0.77,-0.07,-1.12,-1.8,-1.94,-1.77,-1.62,-1.51,-1.09,-0.04,1.49,2.9,3.75,4.09,4.27,4.38,4.29,3.89,3.35,2.91,2.7,2.76,3.1,3.67,4.34,4.92
5.58,5.54,5.45,5.32,5.18,5.1,5.02,4.94,4.99,5.05,4.88,4.54,4.27,4.22,4.33,4.42,4.27,3.79,3.24,2.76,2.4,2.08,1.73,1.65,2.08,2.63,2.67,2.18,1.58,0.75,-0.39,-1.61,-2.76,-3.73,-3.14,-1.67,-0.13,-0.17,-1.68,-2.42,-1.41,-0.43,-1.17,-3.08,-4.57,-5.85,-6.18,-5.73,-4.92,-4.49,-4.29,-4.37,-4.27,-4.08,-4.46,-5.12,-5.09,-4.44,-4.21,-4.75,-5.4,-5.47,-4.73,-3.34,-1.74,-0.38,0.65,1.58,2.48,3.17,3.48,3.55,3.72,4.11,4.56,4.79,4.67,4.37,4.18,4.22
4.99,4.85,4.73,4.86,4.83,4.35,3.74,3.48,3.51,3.56,3.62,3.75,3.86,3.8,3.71,3.71,3.74,3.64,3.34,2.99,2.89,2.92,2.53,2.08,2.34,3.55,4.82,4.11,2.89,2.18,1.65,0.12,-1.86,-2.92,-1.77,0.63,2.3,2.21,0.82,-0.35,-0.35,-0.27,-2.57,-4.89,-6.33,-6.99,-6.8,-6.29,-5.76,-5.34,-5.03,-4.42,-3.6,-3.4,-4.5,-6.28,-7.39,-7.49,-7.28,-7.35,-7.7,-8.02,-8.08,-7.97,-7.88,-7.67,-7.13,-6.37,-5.64,-4.98,-4.23,-3.14,-1.66,-0.06,1.34,2.52,3.53,4.34,4.86,5.07
1.74,2.43,2.7,2.35,2.13,2.26,2.1,1.72,1.75,2.11,1.63,1.68,2.64,3.3,3.47,3.16,2.65,2.53,2.6,2.34,2.15,2.55,3.84,3.56,2.3,1.62,0.79,-0.76,-0.85,0.72,2.16,1.67,1.19,1.59,2.18,1.59,0.13,-0.12,-0.06,-1.59,-3.64,-4.9,-5.57,-6.09,-7.91,-10.35,-11.81,-12.26,-12.31,-12.86,-13.39,-12.4,-11.73,-11.88,-12.05,-11.74,-11.24,-10.38,-9.56,-8.56,-8.09,-7.02,-8.1,-8.69,-8.57,-8.46,-8.54,-8.35,-7.73,-6.98,-6.55,-6.37,-5.86,-4.75,-3.31,-1.65,0.24,2.23,3.99,5.15
1.13,0.11,-0.72,-1.37,-0.82,0.81,2.02,2.81,3.23,3.08,2.64,2.66,2.47,2.28,2.23,2.05,2.22,2.73,3.08,2.71,2.02,1.77,1.69,1.13,0.69,1.13,2.29,2.18,0.36,-0.08,0.3,-0.48,-1.48,-0.73,1.04,1.43,-1.29,-4.87,-4.58,-0.71,1.93,0.91,-2.68,-6.99,-9.4,-9.59,-9.43,-10.42,-11.69,-12.2,-12.42,-12.34,-11.89,-11.14,-10.16,-9.35,-8.2,-6.97,-6.68,-7.07,-7.8,-9,-8.84,-7.68,-8.18,-8.64,-8.55,-8.19,-7.21,-5.72,-4.62,-3.8,-2.84,-1.82,-0.88,0.18,1.52,2.79,3.63,4.03
2.76,1.9,1.88,2.17,1.36,0.3,0.22,0.95,1.56,1.91,2.27,2.71,2.96,3.06,3.52,4.09,4.05,3.65,3.34,3.22,3.37,3.85,4.57,4.49,3.51,2.78,2.88,3.83,4.78,5.74,6.78,5.88,3.85,2.08,1.06,1.58,3.16,4.69,4.1,1.97,1.31,1.3,1.1,-0.48,-2.38,-2.97,-3.16,-5.33,-7.6,-8.26,-8.5,-9.34,-9.75,-9.38,-8.51,-7.82,-7.19,-6.06,-4.18,-2.37,-2.77,-5.22,-6.96,-6.18,-4.71,-6.09,-7.65,-7.22,-6.39,-5.66,-5.04,-4.9,-4.85,-4.25,-2.91,-1.24,0.38,1.78,2.87,3.72
0.52,0.51,0.28,0.22,0.36,1.17,1.46,1.2,1.3,1.38,1.5,2.02,2.32,3.14,4.44,4.01,3.28,3.26,3.75,3.56,3.15,3.37,3.28,2.97,2.95,3.44,4.25,3.58,2.5,1.95,0.62,0.21,1.82,2.91,1.14,-0.31,0.42,1.4,3.07,4.95,3.85,0.18,-1.69,0.08,2.92,3.58,1.49,-1.12,-2.8,-3.05,-3.16,-4.06,-5.03,-5.47,-5.01,-4.31,-4.04,-4.37,-4.28,-2.76,-1.05,-1.92,-4.96,-7.38,-7.67,-6.31,-7.52,-8.51,-8.01,-7.53,-7.23,-6.95,-6.35,-5.53,-4.69,-3.69,-2.87,-2.28,-1.42,-0.32
-0.28,-0.65,-0.92,-0.11,0.36,0.3,0.61,1.4,1.41,0.91,1.6,2.14,1.78,1.29,2.69,3.25,2.86,3.17,3.82,4.07,4.11,3.94,4.08,4.57,4.09,4.29,6.01,5.75,4.4,3.99,3.21,2.26,2.32,2.72,2.09,0.83,0.56,1.35,2.21,2.32,2.46,3.04,2.49,1.09,1.07,2.87,5.3,7.05,6.05,5,3.62,1.32,-0.97,-2.09,-2.23,-2.04,-2.15,-3.12,-4.17,-3.88,-3.35,-5.32,-8.35,-9.86,-7.91,-4.11,-2.47,-3.73,-6.52,-8.26,-8.37,-8.02,-7.47,-6.76,-5.93,-5.14,-4.64,-4.35,-4.14,-3.96
-4.19,-3.55,-3.43,-2.85,-2.4,-1.75,-1.38,-1.11,-0.1,1.52,2.99,3.27,3.17,3.69,4.28,4.5,4.31,4.27,4.54,4.97,5.25,5.09,4.63,3.93,2.54,3.66,6.79,9.53,8.75,7.05,6.29,4.74,3.15,2.62,3.4,4.02,4.03,3.9,3.19,2.17,0.49,-1.65,-2.64,-1.72,-0.02,0.7,0.38,0.11,0.77,2.1,1.88,-0.64,-2.71,-2.38,-1.23,-0.9,-1.24,-2.07,-3.27,-3.91,-4.86,-7.84,-10.73,-12.16,-12.42,-11.23,-8.97,-7,-5.69,-5.63,-7.91,-8.87,-8.58,-7.91,-6.64,-5.7,-5.21,-5.15,-5.22,-5.3
-6.01,-5.53,-4.74,-4.66,-3.96,-3.05,-1.66,-0.92,-0.73,-0.54,-0.03,0.75,1.36,1.74,2.23,3.21,3.56,3.75,4.28,4.89,5.27,5.18,5.28,5.85,5.72,4.64,3.98,2.54,2.92,4.71,6.08,6.41,5.56,3.95,2.59,2.45,3.48,4.13,3.91,3.1,2.24,0.72,-1.22,-1.24,0.35,-0.8,-2.13,-0.35,-0.22,-1.15,0.72,3.12,1.95,-0.45,-0.29,1.33,2.36,1.7,-0.58,-2.58,-3.62,-6.45,-11.17,-14.04,-12.59,-8.22,-5.58,-5.78,-4.81,-4.33,-6.37,-8.52,-8.57,-7.81,-6.62,-5.73,-5.49,-5.57,-5.72,-6.03
-0.06,-1.49,-2.93,-4.54,-5.72,-6.11,-6.55,-6.64,-5.19,-4.17,-3.39,-2.47,-1.19,-0.19,0.78,1.78,2.46,3.19,3.61,3.95,4.55,5.14,5.64,6.81,7.81,8.04,7.63,5.8,5.34,6.47,6.12,6.19,8.44,8.06,7,5.5,6.91,7.41,5.56,4.19,3.06,0.63,-1.97,-2.98,-3.04,-3.27,-3.64,-3.74,-2.61,-1.57,-0.23,2.61,3.74,4.32,4.97,5.52,5.36,4.93,3.07,-0.17,-1.41,1.07,4.29,4.87,1.63,-3.48,-6.08,-5.65,-4.33,-3.86,-6.56,-8.58,-7.78,-7.42,-6.63,-5.25,-4.55,-4.73,-5.22,-5.63
0.1,-0.71,-1.85,-2.01,-1.99,-2.43,-2.6,-2.65,-2.75,-2.76,-2.25,-1.92,-1.47,-0.59,0.36,0.97,1.89,2.98,3.67,4.2,4.7,5.29,6.1,6.77,6.64,6.44,6.83,6.8,7.6,7.78,7.28,7.69,9.52,6.78,5.39,7.76,7.85,6.42,6.14,6.07,5.47,4.32,1.6,0.07,0.62,0.01,-1.78,-3.07,-2.63,-1.86,-1.64,-0.76,0.95,3.03,3.23,2.62,4.05,5.79,6.12,3.78,0.61,-0.57,-0.66,0.29,2.64,3.47,1.04,-1.86,-2.77,-3.77,-5.11,-5.7,-7.33,-9.12,-7.91,-5.34,-4.15,-4.62,-5.11,-5.1
-0.45,-0.81,-1.28,-1.11,-1.37,-2.07,-1.7,-1.96,-2.03,-1.69,-1.66,0.17,-0.18,-1.52,-0.72,-0.06,0.2,1.06,1.91,2.68,3.83,4.87,5.66,6.88,6.55,5.27,6.38,6.51,5.59,5.81,6.83,7.48,7.63,7.03,6.39,5.88,4.51,5.31,5.16,4.22,4.84,5.78,5.66,5.02,4.4,3.99,3.17,1.96,1.19,0.65,-0.17,-0.45,0.04,-0.32,0.5,2.85,2.34,2.71,4.57,4.32,2.6,2.55,3.15,3.65,5.41,4.68,0.13,-2.53,-1.69,-1.26,-4.68,-7.6,-7.3,-6.79,-6.03,-4.84,-3.49,-2.09,0.07,0.06
-2.77,-4.44,-2.96,-1.72,-1.59,-1.22,-2.26,-2.79,-2.75,-3.28,-2.73,-2.12,-2.01,-2.12,-2.59,-2.47,-1.96,-1.13,-0.6,0.11,1.06,1.94,2.58,3.27,3.42,4.01,5.34,5.12,4.82,4.54,5.08,5.42,5.99,6.53,6.46,6.43,6.71,5.41,4.93,5.27,5.58,5.72,6,6.14,5.64,4.83,4.22,3.66,3.62,3,3.04,2.93,2.86,3.73,2.99,1.65,1.76,2.86,2.22,2.98,4.44,5.65,5.96,5.11,5.92,5.07,-0.99,-3.83,-2.39,-1.22,-4.6,-8.4,-8.52,-6.8,-5.53,-2.5,1.08,4.82,7.11,4.68
5.93,4.09,0.49,-1.24,-1.47,-2.29,-2.14,-2.52,-3.1,-3.17,-3.5,-3.99,-3.72,-4.05,-3.74,-3.82,-3.57,-2.92,-2.4,-1.66,-0.69,0.18,1.16,2,2.6,3.46,3.68,3.56,3.93,4.16,3.9,5.17,5.52,6.41,6.11,5.35,6.17,7.11,7.68,6.24,5.89,5.48,5.04,5.85,5.93,5.35,4.05,3.95,5.82,5.78,4.22,4.3,4.59,4.15,6.14,9,9.68,9.43,8.42,7.19,5.8,5.56,5.83,4.44,2.5,3.29,2.78,-2,-3.25,-2.88,-5.49,-7.49,-8.46,-8.13,-5.86,-2.6,1.52,5.9,8.29,8
3.97,4.09,3.6,1.71,0.22,-0.28,-1.72,-2.67,-2.34,-2.18,-2.23,-2.78,-3.21,-3.35,-3.9,-3.2,-3.19,-3.55,-3.23,-1.88,-0.84,0.18,1.02,2.35,2.97,3.87,4.61,5.05,5.54,6.33,5.55,4.85,4.66,5.15,6.52,6.86,6.95,6.14,5.85,6.01,6.45,6.72,7.61,8.24,8.55,8.67,8.92,6.16,1.62,0.39,2.19,1.69,1.45,2.45,3.24,3.94,3.9,2.98,2.94,4.19,5.87,6.88,6.95,6.53,5.6,5.36,5.03,0.68,-2.81,-2.42,-3.6,-6.86,-8.32,-7.56,-6.26,-5.18,-3.95,-0.78,3.73,5.21
2.92,3.26,3.35,2.52,0.86,0.2,0.23,-1.81,-2.7,-2.68,-3.54,-3.22,-3.25,-3.35,-3.28,-2.62,-2.89,-2.71,-3.07,-3.21,-2.79,-0.82,0.48,1.36,2.72,3.12,3.91,4.8,5,6.38,6.12,6.56,6.69,6.6,6.75,6.98,7.28,7.9,7.8,7.24,6.84,6.99,7.51,8.58,9.15,9.69,10.95,13.47,10.51,0.48,-2.72,0.19,2.14,2.26,3.12,4.69,6.24,6.18,5.62,5.96,5.9,5.66,5.98,6.12,5.48,6.32,6.5,2.36,-0.6,-0.39,-1.71,-6.56,-9.06,-8.62,-8.38,-6.83,-3.63,0.68,2.29,-1.31
-0.1,0.96,1.48,1.58,1.54,1.69,0.67,-1.86,-3.27,-2.87,-2.31,-2.34,-2.25,-2.42,-2.11,-2.29,-2.2,-2.08,-2.06,-1.71,-1.74,-1.02,0.1,1.59,3.02,3.65,4.27,4.49,5.41,6.15,6.68,7.17,7.4,7.64,7.84,7.83,7.75,7.89,7.99,7.69,6.93,7.52,6.3,4.48,4,4.68,3.81,5.78,9.8,10.19,4.72,0.87,2.48,4.11,3.33,3.43,3.57,3.19,2.09,1.35,1.54,2.64,3.76,3.19,2.02,4.96,6.24,-0.61,-4.53,-2.73,-2.1,-2.49,-4.39,-5.4,-6.64,-6.05,-3.92,1.27,1.38,-0.5
3.82,2.44,1.09,1.44,0.94,-1.4,-2.43,-1.76,-2.35,-3.06,-3.26,-2.88,-2.57,-1.92,-1.2,-0.86,-1.18,-1.36,-1.26,-1.33,-0.72,-0.21,0.43,1.09,2.45,3.65,4.09,5.13,6.22,7.23,7.81,7.95,8.14,8.25,8.15,7.9,7.88,8.11,8.41,8.9,9.54,9.94,8.72,3.84,2.45,3.48,4.62,5.12,4.8,4.82,6.77,6.53,3.8,3.97,5.31,6.26,7.42,8.57,9.13,9.02,7.41,6,8.17,9.73,5.99,4.65,10.72,11.85,4.66,-0.04,-0.87,0.35,2.72,1.93,-0.92,-3.9,-3.04,0.42,-1.45,-2.06
-0.53,-0.73,0.04,0.85,-0.19,-0.51,-0.48,-0.76,-2.22,-3.4,-3.57,-2.44,-2.51,-2.47,-2.07,-1.41,-0.95,0.09,-0.39,-0.52,-0.43,0.19,1.2,1.78,2.64,3.12,3.65,4.93,5.82,6.46,6.89,7.37,8.02,8.61,8.8,8.75,8.67,8.33,7.49,7.61,8.84,9.91,9.4,5.1,2.6,2.98,3.6,4.71,5.9,6.58,8.11,10.71,10.2,10.58,10.36,10.36,12.61,14.04,13.55,13.15,13.02,11.05,8.69,9.56,12.32,13.25,14.31,17.6,19.91,19.88,15.17,8.75,7.28,10.69,14.47,10.72,2.9,2.67,4.83,6.4
0.67,0.18,-0.25,0.39,-0.39,-1.07,-0.12,-0.14,-2.08,-4.09,-4.44,-4.88,-4.17,-2.97,-2.49,-2.18,-2.08,-1.38,-0.63,-0.54,-0.44,0.04,0.79,1.33,2.08,2.94,3.68,4.85,5.2,5.56,6.23,6.85,7.42,7.91,8.33,8.74,9.13,9.64,9.95,9.9,9.85,9.98,7.34,4.2,4.71,4.57,4.9,5.22,5.26,5.67,4.99,10.18,11.77,12.42,9.91,4.88,3.68,4.57,9.37,12.26,13.74,14.45,14.56,14.19,13.64,13.65,14.4,14.86,15.79,17.94,17.62,13.71,12,12.6,12.96,13.99,15.23,15.14,11.79,8.73
2.37,3,2.71,3.02,3.38,0.93,0.15,1.71,1.5,-1.5,-2.26,-2.29,-2.08,-2.08,-2.32,-1.8,-1.43,-1.52,-1.46,-1.38,-0.65,-0.7,-0.68,-0.05,0.6,1.5,2.38,3.77,5.15,5.52,5.57,5.99,6.67,7.3,7.79,8.24,8.78,9.24,9.73,10.1,10.32,10.36,7.95,2.4,2.43,4.38,4.91,4.64,4.77,5.36,4.3,3.49,2.99,3.08,2.95,4.27,5.01,3.96,9.45,13.42,15.02,16.69,17.54,17.63,17.51,17.07,16.26,15.82,16.15,16.98,16.76,15.13,13.78,13.68,14.02,14.53,14.56,14.17,13.83,12.98
-0.06,0.56,0.47,0.65,2.35,1.41,2.11,1.86,0.83,-1.51,-2.49,-2.83,-2.55,-2.47,-2.05,-1.64,-1.45,-1.84,-2.09,-1.77,-1.63,-1.62,-1.73,-1.68,-1.45,-1.36,-0.06,0.68,2.32,4.41,5.53,5.79,5.9,6.12,6.51,7.16,7.7,8.21,8.47,8.75,8.91,8.96,9.57,7.13,-0.43,-0.17,1.78,2.91,3.6,4.22,5.38,5.2,5.15,5.65,5.34,5.62,6.86,4.18,3.88,12.02,12.73,13.09,13.52,13.96,14.49,15.3,16.07,16.07,15.59,14.76,13.63,13.23,13.79,14.09,13.96,14.19,14.24,14.31,14.7,14.11
0.1,0.69,0.25,1.35,3.14,3.43,3.55,2.36,1.82,1.76,-0.33,-1.9,-2.72,-2.79,-2.95,-2.39,-1.59,-1.61,-1.79,-2.07,-2.19,-2.17,-2.09,-2.63,-2.56,-2.69,-2.38,-1.82,-0.99,0.23,2.04,3.79,5.29,6.18,6.19,5.85,5.95,6.66,7.29,7.59,7.66,8.2,8.96,8.91,4.59,6.08,7.34,6.02,6.83,5.5,6.87,5.62,4.64,5.15,5.21,5.27,5.57,5.14,4.16,11.26,13.67,13.85,13.67,13.46,13.64,14.39,15.04,15.41,15.62,15.64,15.46,14.95,14.46,14.23,14.14,14.04,13.84,13.87,13.53,13.05
