public/data/weather/current/current-wind-isobaric-1000hPa-gfs-1.0.json
{"header": { "discipline": 0, "disciplineName": "Meteorological products", "gribEdition": 2, "gribLength": 133585, "center": 7, "centerName": "US National Weather Service - NCEP(WMC)", "subcenter": 0, "refTime": "2013-11-30T18:00:00.000Z", "significanceOfRT": 1, "significanceOfRTName": "Start of forecast", "productStatus": 0, "productStatusName": "Operational products", "productType": 1, "productTypeName": "Forecast products", "productDefinitionTemplate": 0, "productDefinitionTemplateName": "Analysis/forecast at horizontal level/layer at a point in time", "parameterCategory": 2, "parameterCategoryName": "Momentum", "parameterNumber": 3, "parameterNumberName": "V-component_of_wind", "parameterUnit": "m.s-1", "genProcessType": 2, "genProcessTypeName": "Forecast", "forecastTime": 6, "surface1Type": 100, "surface1TypeName": "Isobaric surface", "surface1Value": 100000, "surface2Type": 255, "surface2TypeName": "Missing", "surface2Value": 0, "gridDefinitionTemplate": 0, "gridDefinitionTemplateName": "Latitude_Longitude", "numberPoints": 65160, "shape": 6, "shapeName": "Earth spherical with radius of 6,371,229.0 m", "gridUnits": "degrees", "resolution": 48, "winds": "true", "scanMode": 0, "nx": 360, "ny": 181, "basicAngle": 0, "subDivisions": 0, "lo1": 0, "la1": 90, "lo2": 359, "la2": -90, "dx": 1, "dy": 1 }, "data":
[rows 0 to 35 of 181, columns 246 to 327 of 360]
5.81,5.73,5.65,5.56,5.47,5.39,5.3,5.2,5.11,5.01,4.92,4.82,4.72,4.62,4.52,4.41,4.31,4.2,4.1,3.99,3.88,3.77,3.65,3.54,3.42,3.31,3.19,3.08,2.96,2.84,2.72,2.6,2.47,2.35,2.23,2.1,1.98,1.85,1.73,1.6,1.47,1.35,1.22,1.09,0.96,0.83,0.71,0.58,0.45,0.32,0.19,0.06,-0.07,-0.2,-0.33,-0.46,-0.59,-0.72,-0.85,-0.98,-1.11,-1.23,-1.36,-1.49,-1.62,-1.74,-1.87,-1.99,-2.12,-2.24,-2.36,-2.49,-2.61,-2.73,-2.85,-2.97,-3.09,-3.21,-3.32,-3.44,-3.55,-3.67
7.12,7.03,6.94,6.86,6.76,6.66,6.57,6.47,6.37,6.26,6.16,6.04,5.93,5.82,5.7,5.59,5.46,5.34,5.21,5.09,4.96,4.82,4.7,4.56,4.42,4.29,4.15,4,3.86,3.72,3.58,3.43,3.28,3.14,2.99,2.84,2.69,2.54,2.39,2.24,2.08,1.93,1.78,1.63,1.47,1.32,1.17,1.02,0.87,0.71,0.56,0.41,0.26,0.1,-0.04,-0.19,-0.35,-0.5,-0.64,-0.79,-0.94,-1.09,-1.23,-1.38,-1.52,-1.66,-1.81,-1.95,-2.08,-2.22,-2.36,-2.49,-2.63,-2.76,-2.89,-3.02,-3.15,-3.26,-3.39,-3.51,-3.63,-3.74
7.86,7.77,7.68,7.59,7.49,7.38,7.27,7.17,6.59,6.49,6.39,6.29,6.18,6.08,5.97,5.85,5.73,5.61,5.48,5.35,5.22,5.09,4.95,4.81,4.67,4.53,4.38,4.23,4.08,3.93,3.77,3.62,3.46,3.3,3.15,2.99,2.83,2.67,2.51,2.34,2.19,2.02,1.86,1.7,1.54,1.37,1.21,1.05,0.89,0.73,0.58,0.42,0.26,0.11,-0.04,-0.19,-0.55,-0.71,-0.87,-1.04,-1.19,-1.35,-1.5,-1.66,-1.81,-1.96,-2.11,-2.24,-2.39,-2.53,-2.65,-2.78,-2.91,-3.03,-3.15,-3.26,-3.37,-3.47,-3.58,-3.67,-3.76,-3.86
8.69,8.62,8.54,8.46,8.37,8.29,8.18,8.06,7.93,7.79,7.65,7.49,7.33,7.17,6.99,6.83,6.65,6.48,6.29,6.11,5.92,5.73,5.53,5.34,5.14,4.94,4.74,4.54,4.34,4.14,3.94,3.73,3.54,3.34,3.14,2.94,2.76,2.56,2.38,2.19,2.01,1.83,1.65,1.47,1.3,1.12,0.95,0.77,0.6,0.44,0.27,0.11,-0.06,-0.22,-0.38,-0.53,-0.69,-0.83,-0.97,-1.12,-1.25,-1.38,-1.52,-1.66,-1.81,-1.96,-2.13,-2.31,-2.49,-2.69,-2.89,-3.1,-3.31,-3.5,-3.7,-3.87,-4.02,-4.17,-4.3,-4.42,-4.57,-4.69
10.11,9.98,9.85,9.72,9.59,9.47,9.34,9.2,9.04,8.87,8.68,8.47,8.25,8.04,7.82,7.62,7.42,7.21,7,6.79,6.56,6.32,6.09,5.85,5.6,5.37,5.12,4.88,4.65,4.4,4.16,3.93,3.69,3.46,3.23,3,2.78,2.56,2.35,2.14,1.93,1.74,1.55,1.36,1.18,1,0.82,0.64,0.47,0.28,0.11,-0.07,-0.25,-0.44,-0.62,-0.8,-0.99,-1.17,-1.35,-1.52,-1.69,-1.85,-2.01,-2.16,-2.3,-2.45,-2.59,-2.74,-2.87,-2.99,-3.12,-3.25,-3.37,-3.51,-3.68,-3.86,-4.07,-4.3,-4.53,-4.77,-4.99,-5.18
10.94,10.8,10.65,10.49,10.31,10.13,9.93,9.71,9.47,9.22,8.96,8.7,8.43,8.16,7.9,7.63,7.37,7.11,6.86,6.61,6.36,6.13,5.91,5.7,5.52,5.34,5.18,5.03,4.9,4.75,4.61,4.47,4.32,4.16,4,3.82,3.64,3.44,3.24,3.02,2.8,2.56,2.31,2.06,1.81,1.57,1.33,1.09,0.84,0.59,0.35,0.11,-0.13,-0.36,-0.57,-0.77,-0.95,-1.11,-1.26,-1.38,-1.49,-1.6,-1.73,-1.89,-2.09,-2.33,-2.56,-2.78,-2.94,-3.04,-3.07,-3.05,-3.01,-2.97,-2.96,-2.99,-3.07,-3.18,-3.32,-3.48,-3.64,-3.79
11.33,11.15,10.95,10.74,10.51,10.26,9.99,9.7,9.4,9.1,8.79,8.48,8.15,7.83,7.52,7.22,6.94,6.68,6.43,6.21,6.03,5.87,5.75,5.63,5.54,5.47,5.42,5.39,5.38,5.4,5.44,5.5,5.55,5.57,5.52,5.39,5.19,4.9,4.54,4.13,3.69,3.24,2.78,2.34,1.91,1.47,1.03,0.58,0.13,-0.3,-0.71,-1.07,-1.36,-1.57,-1.7,-1.75,-1.74,-1.7,-1.62,-1.52,-1.39,-1.25,-1.09,-0.92,-0.71,-0.46,-0.17,0.15,0.46,0.71,0.88,0.94,0.93,0.88,0.84,0.85,0.89,0.96,0.98,0.93,0.76,0.44
11.29,11.05,10.75,10.41,10.05,9.69,9.32,8.93,8.52,8.11,7.7,7.31,6.92,6.53,6.16,5.82,5.51,5.28,5.13,5.08,5.12,5.22,5.33,5.44,5.52,5.55,5.51,5.42,5.38,5.47,5.7,6.06,6.46,6.63,6.3,5.3,4.28,3.21,2.4,1.95,1.77,1.69,1.63,1.47,1.26,0.9,0.47,-0.04,-0.6,-1.16,-1.61,-1.81,-1.68,-1.29,-0.75,-0.23,0.19,0.47,0.59,0.61,0.58,0.58,0.7,0.99,1.45,2.02,2.55,2.91,3.05,2.95,2.75,2.57,2.53,2.68,2.96,3.2,3.21,2.92,2.64,2.3,2.01,1.83
10.68,10.23,9.76,9.29,8.8,8.29,7.77,7.24,6.72,6.22,5.72,5.23,4.78,4.35,3.95,3.62,3.37,3.24,3.24,3.34,3.52,3.76,3.94,3.98,3.84,3.55,2.96,2.24,1.58,1.06,0.71,0.46,0.16,-0.33,-1.03,-1.89,-2.77,-3.54,-4.08,-4.32,-4.19,-3.69,-2.84,-1.74,-0.59,0.36,0.88,0.89,0.52,0.11,0.04,0.55,1.71,3.21,4.27,4.94,4.78,4.21,3.4,2.67,2.29,2.33,2.62,2.73,3.31,3.59,3.52,3.5,3.77,4.85,6.33,7.2,8.16,8.36,7.6,5.92,3.51,0.7,-2.15,-4.66,-6.5,-7.45
9.69,9.05,8.4,7.74,7.08,6.4,5.7,5,4.31,3.66,3.08,2.54,1.98,1.36,0.7,0.04,-0.43,-0.41,0.21,1.03,1.47,1.34,0.29,-1.62,-4.03,-5.39,-6.11,-5.95,-5.25,-4.44,-3.93,-3.94,-4.39,-4.88,-4.89,-4.09,-2.54,-0.64,1.04,2.03,2.19,1.71,0.93,0.04,-0.92,-1.89,-2.65,-2.89,-2.56,-1.61,-0.54,0.47,1.47,2.67,3.25,3.96,4.53,4.86,4.9,4.75,4.53,4.24,3.79,3.13,2.48,2.18,2.54,3.52,4.83,6.09,6.92,7.03,6.2,4.46,2.18,-0.05,-1.8,-2.9,-3.4,-3.4,-3.07,-2.66
8.54,7.71,6.86,6.02,5.18,4.34,3.49,2.57,1.65,0.79,0.01,-0.7,-1.43,-2.33,-3.54,-4.96,-6.23,-6.89,-6.4,-4.97,-4.05,-3.4,-3.1,-2.97,-2.96,-3.25,-5.33,-4.54,-3.71,-2.3,-0.89,-0.45,-1.08,-2.08,-3.06,-4.01,-4.95,-5.74,-6.11,-5.98,-5.5,-4.95,-4.57,-4.45,-4.74,-5.98,-5.53,-4.31,-3.1,-1.76,-0.5,1.28,3.04,4.32,5.03,5.35,5.5,5.56,5.57,5.52,5.34,4.98,4.49,4.08,4,4.42,5.26,6.2,6.8,6.76,5.97,4.53,2.85,1.47,0.79,0.82,1.24,1.65,1.83,1.69,1.25,0.58
7.14,6.18,5.19,4.18,3.15,2.1,1.04,-0.03,-1.01,-1.69,-1.89,-1.78,-2.29,-4.24,-6.78,-8.79,-10.07,-10.67,-9.61,-6.34,-1.8,0.96,1.03,-1.15,-4.41,-7.22,-8.82,-9.2,-9.09,-7.54,-6.27,-4.73,-2.67,-0.63,0.43,0.38,0.13,0.38,0.83,0.73,-1.41,-3.19,-4.19,-5.41,-6.02,-5.14,-3.18,-0.41,2.55,5.13,6.87,7.82,8.14,7.9,7.2,6.35,5.61,5.04,4.54,4.12,3.84,3.69,3.53,3.34,3.27,3.45,3.8,4.16,4.35,4.25,3.84,3.14,2.23,1.25,0.31,-0.52,-1.27,-1.95,-2.55,-3,-3.27,-3.39
5.71,4.77,3.65,2.38,1.11,-0.07,-1.22,-2.48,-3.75,-4.81,-5.55,-5.95,-5.96,-5.86,-6.41,-7.97,-9.62,-10.29,-9.73,-8.33,-6.56,-4.66,-3.02,-1.79,-1.21,-1.71,-2.74,-4.6,-5.58,-6.84,-6.47,-4.38,-2.12,-1.26,-2.27,-4.09,-5.71,-7.36,-9.72,-13.78,-14.21,-10.98,-6.49,-3.05,-0.9,0.15,0.84,1.83,3.25,4.72,5.66,5.82,5.44,5.01,4.82,4.86,4.96,4.99,4.88,4.54,3.9,2.99,2.05,1.31,0.9,0.71,0.5,0.07,-0.6,-1.35,-1.96,-2.27,-2.28,-2.09,-1.91,-1.88,-2,-2.22,-2.43,-2.63,-2.76,-2.76
3.81,2.93,1.98,0.96,-0.13,-1.29,-2.49,-3.61,-4.58,-5.4,-6.08,-6.42,-6.47,-6.57,-6.92,-7.54,-8.11,-7.48,-5.28,-3.93,-4.72,-5.26,-5.5,-6.1,-6.69,-6.62,-4.98,-3.49,-2.93,-3.56,-4.56,-5.13,-5.23,-5.16,-5.48,-6.92,-10.82,-12.92,-12.34,-9.59,-5.49,-1.71,0.39,0.57,-0.47,-1.36,-0.87,1.08,3.36,4.63,4.47,3.42,2.23,1.29,0.7,0.29,-0.18,-0.68,-0.92,-0.76,-0.35,0.07,0.41,0.69,0.92,1,0.83,0.36,-0.26,-0.84,-1.27,-1.63,-2.01,-2.37,-2.57,-2.53,-2.32,-2.11,-1.95,-1.79,-1.55,-1.29
1.87,1.35,0.98,0.37,-0.46,-1.23,-2.23,-3.57,-5.08,-6.64,-7.35,-6.98,-6.76,-6.98,-6.58,-5.76,-8.22,-10.54,-9.6,-8.02,-7.67,-8.55,-7.29,-7.22,-9,-9.9,-5.75,-0.66,2.21,2.07,0.87,0.14,-2.25,-6.94,-12.07,-15.81,-16.69,-13.12,-8.61,-5.47,-3.99,-3.14,-1.66,0.58,2.64,3.12,2.71,2.12,1.34,0.26,-0.86,-1.82,-2.5,-2.5,-1.63,-1.31,0.11,1.19,1.69,1.81,2,2.37,2.64,2.61,2.41,2.39,2.69,3.07,3.18,2.78,1.83,0.58,-0.64,-1.63,-2.39,-2.99,-3.46,-3.74,-3.71,-3.39,-3.02,-2.9
1.72,1.66,0.96,-0.37,-1.7,-3.14,-4.27,-5.05,-6.11,-7.32,-8.31,-8.98,-8.81,-8.45,-8.41,-8.7,-9.97,-10.75,-10.04,-6.72,-7.03,-9.6,-9.53,-8.01,-8.5,-8.62,-7.83,-7.29,-8.26,-9.77,-10.31,-10.66,-10.99,-10.55,-12.09,-16.88,-15.47,-12.25,-9.77,-8.8,-7.5,-4.94,-1.75,0.48,1.68,2.56,3.11,3.16,2.76,2.26,1.37,0.42,0.04,0.27,0.81,1.35,0.72,-0.86,-0.8,0.33,1.7,2.73,3.57,4.54,5.71,6.69,7.09,6.95,6.46,5.72,4.63,3.21,1.66,0.3,-0.74,-1.54,-2.27,-3.02,-3.84,-4.65,-5.38,-5.95
2.66,1.97,0.88,-0.46,-1.91,-3.17,-3.97,-4.36,-4.7,-5.93,-7.49,-8.42,-8.78,-8.51,-8.08,-8.16,-8.78,-9.51,-8.62,-5.59,-4.19,-4.56,-4.8,-5.21,-7.7,-8.53,-6.63,-6.09,-6.96,-6.94,-4.03,-0.77,-2.83,-9.18,-12.42,-14.59,-11.51,-8.3,-8.62,-9.52,-8.62,-6.45,-3.8,-1.61,0.25,2.33,4.25,5.16,5.04,4.71,4.34,3.49,2.06,0.65,0.84,2.44,3.35,2.81,1.25,3.19,6.3,7.89,8.24,8.25,8.02,7.59,7.1,6.72,6.4,5.98,5.28,4.29,3.14,1.96,0.93,0.09,-0.69,-1.51,-2.21,-2.7,-3.03,-3.37
2.02,2.02,1.37,0.31,-0.74,-1.86,-2.63,-2.83,-4.88,-6.4,-7.29,-8.05,-8.55,-9.47,-8.97,-8.46,-9.46,-9.44,-9.42,-7.76,-8.41,-9.65,-8.63,-9.97,-9.91,-7.64,-8.29,-7.66,-5.61,-4.04,-4.81,-5.51,-5.13,-7.47,-10.97,-11.23,-9.22,-7.68,-8.39,-10.07,-8.97,-5.88,-3.14,-1.03,1.38,4.5,7.06,8.65,8.47,7.24,5.61,4.16,2.2,-0.64,-1.94,0.51,4.14,4.16,1.41,-0.83,0.17,2.87,5.42,6.87,7.51,7.66,7.51,7.02,6.38,5.81,5.3,4.78,4.07,2.86,1.28,-0.19,-1.34,-2.14,-2.7,-3.37,-4.29,-5.3
4.13,3.12,1.44,-0.08,-1.3,-2.06,-3.13,-3.79,-4.17,-5.5,-6.25,-7.07,-8.22,-9.08,-9.3,-9.49,-9.21,-9.6,-9.61,-5.19,-7.09,-10.11,-10.04,-10.46,-8.67,-7.44,-7.67,-7.34,-7.72,-7.26,-7.4,-7.68,-7.16,-6.11,-4.66,-2.84,-2.74,-4.11,-4.07,-2.85,-2.45,-2.91,-2.15,-0.59,2.55,5.91,7.68,7.29,6.08,4.79,3.82,2.28,-0.72,-3.87,-3.2,2.72,8.05,7.87,3.48,-0.22,-1.03,0.1,2.58,4.68,5.41,5.1,4.63,4.64,4.69,4.44,4.11,3.67,2.92,1.79,0.29,-1.36,-2.82,-3.79,-4.39,-4.7,-4.78,-4.72
1.58,1.8,1.69,0.8,-0.33,-1.03,-1.45,-2.32,-3.65,-4.83,-5.83,-6.63,-7.57,-8.54,-9.37,-9.87,-9.63,-7.68,-4.09,-3.81,-4.12,-7.22,-12.02,-11.66,-11.7,-10.02,-8.23,-5.81,-4.64,-4.92,-5.58,-5.92,-6.44,-7.57,-8.15,-7.67,-6.23,-4.64,-3.36,-2.27,-1.57,-1.24,-0.12,1.53,2.48,2.84,3.28,3.62,3.48,2.24,0.1,-2.39,-4.75,-5.71,-3.05,2.6,5.51,4.16,2.01,0.57,0.28,0.18,-0.87,-0.1,3.25,4.96,4.86,5.19,5.3,4.8,4.12,3.41,2.54,1.51,0.48,-0.52,-1.55,-2.6,-3.61,-4.5,-5.15,-5.86
3.62,3.89,3.93,3.02,1.6,0.25,-1.04,-2.49,-3.78,-4.84,-6.09,-6.82,-7.43,-8.24,-9.25,-9.93,-9.72,-10.2,-10.5,-8.01,-6.09,-3.66,-7.15,-11.41,-12.59,-12.29,-11.59,-9.94,-7.17,-4.95,-4.4,-5.41,-6.81,-7.85,-7.94,-4.61,-1.14,0.47,0.29,-0.99,-2.49,-1.95,-0.61,-1.03,-1.24,-0.52,-0.06,1.08,2.06,0.89,-2.11,-5.2,-6.3,-4.3,0.43,4.78,6.69,6.99,5.59,2.24,-0.08,-0.38,0.42,2.17,4.97,7.46,6.9,5.7,5.31,4.83,3.73,2.36,1.11,0.35,0.05,-0.08,-0.16,-0.41,-1.01,-2.02,-3.26,-4.41
3.18,3.4,3.08,3.14,2.47,1.62,1.07,0.73,-0.38,-2.38,-4.34,-5.64,-6.21,-6.92,-7.79,-8.96,-9.4,-9.55,-11.51,-11.76,-9.72,-5.78,-3.05,-5.33,-10.65,-9.51,-10.96,-10.15,-7.79,-3.12,-3.21,-4.68,-7.08,-9.03,-8.18,-5.64,-2.29,-0.55,-1.16,-1.76,-1.47,-1.15,-0.67,0.07,-0.42,-1.08,0.12,1.6,1.16,-0.49,-2.9,-5.76,-6.59,-1.38,5.45,7.68,7.32,8.32,9.79,9.17,6.48,4.65,5.09,4.41,5.78,7.03,6.1,5.69,5.9,5.51,4.05,2.12,0.84,0.68,1.34,2.19,2.66,2.15,-0.68,-4.27,-6.05,-5
2.01,3.23,4.42,4.99,4.66,3.95,3.69,3.51,2.67,1.05,-1.13,-3.23,-4.56,-5.44,-6.31,-6.98,-7.97,-8.91,-9.27,-8.4,-6.47,-4.76,-4.94,-4.25,-3.83,-3.99,-8.34,-9.7,-7.27,-7.22,-6.99,-5.73,-6.78,-8.77,-7.54,-7.58,-6.29,-4.18,-3.79,-2.95,-0.2,2.05,1.49,1.16,2.41,3.42,3.36,2.91,1.63,-1.02,-3.7,-5.91,-6.07,-1.54,5.2,8.87,9.9,9.76,7.76,6.2,5.98,4.62,3.76,4.16,5.44,6.37,5.98,5.81,5.36,4.32,2.47,-0.19,-2.13,-1.66,1.48,4.83,6.32,5.89,2.39,-2.47,-3.09,-0.02
2.94,3.23,3.75,4.12,3.63,3.67,4.38,3.48,3.22,2.7,0.64,-1.49,-2.98,-3.92,-4.54,-5.52,-6.24,-6.84,-8.21,-5.08,-5.38,-5.92,-6.42,-6.22,-6.08,-7.14,-6.87,-8.79,-9.33,-7.8,-7.41,-8.2,-7.92,-6.99,-5.51,-4.72,-4.1,-4.34,-3.86,-2.31,0.04,1.88,2.25,2.08,2.6,2.81,1.43,0.12,-0.02,0.19,1.07,0.54,-2.26,-2.09,2.27,6.18,8.8,9.59,7.57,5.21,4.08,2.32,2.25,2.68,3.48,5.54,6.79,6.43,5.37,3.69,0.39,-4.04,-6.68,-6.33,-1.88,2.64,3.24,2.84,1.61,-1.27,-5.48,-8.86
1.54,2.17,2.22,2.42,3.48,3.83,3.3,2.96,2.95,3.05,1.78,-0.71,-2.49,-3.44,-4.07,-4.71,-5.32,-5.62,-5.25,-5.45,-6.67,-7.28,-6.59,-4.75,-4.21,-6.74,-8.24,-8.03,-10.46,-8.82,-9.54,-8.64,-6.65,-4.93,-4.24,-3.72,-3.44,-3.32,-2.73,-1.47,-0.15,1.16,1.82,2.19,2.81,2.1,0.16,-1.14,-1.33,-0.92,-1.76,-3.19,-1.93,2.34,5.61,6.62,6.62,5.19,1.8,0.29,2.33,1.4,-0.08,-0.03,1.89,4.37,6.08,6.91,6.86,5.71,2.33,-2.23,-6.54,-9.28,-8.3,-5.39,-1.82,-0.5,-3.42,-9.57,-12.8,-10.52
0.91,1.26,1.37,1.44,1.26,0.85,1.23,1.74,1.5,1.72,1.75,0.48,-1.21,-2.49,-3.45,-4.2,-4.6,-5.77,-6.22,-6.87,-6.77,-6.62,-7.5,-8.35,-8.12,-7.41,-6.84,-8.84,-6.62,-4.71,-5.13,-5.32,-7,-5.9,-4.88,-3.78,-2.33,-1.36,-1.76,-1.7,-0.08,0.94,0.1,0.06,2.14,3.86,3.96,2.38,-0.31,-3.15,-2.77,-0.89,1.68,3.45,3.37,2.65,1.25,-1.65,-3.64,-2,0.6,-2.07,-5.5,-4.78,0.31,6.35,7.25,6.31,5.59,4.5,2.3,-0.5,-2.27,-4.76,-5.86,-3.93,-1.59,-0.98,-1.1,-0.99,-0.49,0.61
-1.5,-0.44,0.05,0.15,0.36,0.64,0.79,1.14,1.13,0.28,0.72,1.9,1.38,-0.14,-1.83,-2.83,-3.5,-4.37,-5.45,-6.3,-7.86,-8.76,-9.09,-8.41,-8.66,-6.62,-6.64,-7.03,-7.77,-7.03,-6.96,-5.53,-2.27,-2.13,-3.82,-3.9,-3.53,-3.16,-3.1,-2.5,-2.11,-2.68,-0.3,3.8,3.56,0.37,-1.09,-0.65,-0.03,0.25,-1.17,-1.27,-0.35,0.17,0.61,1.19,0.56,-1.29,-2.33,-2.33,-4.15,-9.24,-8.43,-0.77,4.37,6.66,6.29,4.77,4.23,4.05,2.92,0.09,-2.26,-4.18,-6.99,-7.81,-6.45,-4.62,-2.28,0.83,3.34,4.64
-2.75,-1.22,-0.52,-1.79,-2.42,-1.31,-0.01,0.51,0.58,0.9,1.35,1.63,2.28,2.29,1.08,-1.54,-3.29,-3.81,-5.19,-6.53,-7.63,-9.73,-9.41,-9.59,-9.17,-8.17,-7.32,-7.07,-7.69,-8.66,-9.1,-7.86,-5.97,-4.7,-3.76,-3.25,-2.16,-0.89,-0.12,0.91,2.04,0.78,-0.85,0.59,-0.28,-1.84,-1.45,-2.83,-3.99,-2.78,-2.44,-1.86,-1.51,-1.46,-1.49,-1.75,-2.58,-4.32,-6.45,-7.23,-11.25,-14.71,-0.19,9.91,3.48,3.32,4.31,2.25,1.84,0.72,-1.99,-3.47,-4.5,-7.97,-8.19,-6.22,-3.3,-0.5,0.63,0.08,-0.21,0.49
-5.84,-1.42,0.43,0.2,0.25,0.63,1.09,1.51,1.8,1.94,1.91,1.92,2.06,2.46,2.97,1.85,-0.8,-3.19,-4.86,-5.76,-6.78,-7.06,-7.33,-7.88,-7.79,-7.51,-7.2,-6.99,-7.07,-7.37,-8,-8.44,-7.99,-6.61,-4.94,-4.47,-3.33,-0.7,1.77,2.98,4.08,3.59,0.06,-3.67,-4.45,-4.74,-4.63,-2.57,-1.96,-3.21,-3.73,-3.71,-3.34,-2.51,-1.22,-0.65,-2.91,-7.15,-8.31,-9.1,-15.8,-8.25,9.62,9,5.09,2.8,2.93,3.06,4.05,3.47,0.24,-2.29,-8.04,-8.8,-4.58,-3.87,-5.83,-6.24,-4.64,-2.76,-0.89,2.66
-2.98,-0.81,-1.01,-0.49,0.14,0.8,1.8,2.33,2.56,2.61,2.52,2.69,2.56,2.68,2.95,2.66,1.1,-1.25,-2.78,-5.05,-5.95,-6.16,-6.73,-7.3,-7.44,-7.42,-7.43,-7.44,-7.66,-7.82,-7.74,-7.67,-7.59,-7.18,-6.73,-5.98,-4.47,-0.37,2.9,1.96,-1.39,-2.67,-0.06,0.69,-2.36,-5.47,-5.37,-3.37,-1.61,-0.69,-0.68,-0.58,-0.08,1.33,3.51,3.93,1.09,-2.27,-1.67,-3.8,-12.06,-10.1,2.64,8.43,10.94,9.18,3.78,1.05,0.74,0.94,-0.77,-4.11,-10.93,-8.25,-3.94,-2.54,-1.26,-1.64,-0.91,5.92,14.2,17.66
-2.29,-2.72,-1.64,0.02,0.61,0.28,1.28,2.43,2.71,2.77,3,3.37,3.49,2.82,2.94,3.07,2.27,0.21,-1.78,-3.48,-4.34,-5.32,-6.02,-6.5,-6.98,-7.44,-7.9,-8.42,-8.86,-9.06,-9.19,-9,-7.91,-6.72,-6.04,-5.25,-4.12,-0.85,2.18,1.11,-0.88,-1.54,-1.43,-1.16,-0.7,-0.66,0.82,1.39,2.52,3.4,2.18,1.47,1.48,1.55,1.29,1.21,1.07,0.44,0.09,1.04,0.93,-0.35,0.66,2.25,4.06,7.81,9.02,6.21,3.3,2.12,0.26,-3.07,-0.65,5.15,4.17,0.99,-1.77,0.54,10,16.62,17.55,18.81
-3.4,-3.09,-1.53,0.48,1.62,3.1,2.65,1.87,1.81,2.98,3.59,3.12,3.05,2.55,2.58,2.87,2.44,1.27,-0.78,-2.25,-3.27,-4.81,-6.52,-7.36,-7.84,-8.19,-8.33,-8.34,-8.37,-8.45,-8.37,-8.2,-8.03,-7.58,-6.77,-5.68,-3.02,1.37,2.13,1.44,0.57,-0.27,-0.59,-0.42,0.2,-1.18,-1.3,-0.03,1.9,3.17,3.31,1.64,0.23,0.01,0.63,1.3,1.92,2.24,1.92,1.21,0.94,1,0.73,-1.1,-2.98,2.18,7.76,6.83,4.08,0.93,-1.71,-3.21,0.32,4.84,4.49,3.81,4.16,7.74,12.78,15.95,17.98,19.71
-2.06,-1.63,0.4,3.17,4.64,5.29,5.08,3.63,4.01,3.99,3.4,3.4,3.18,2.61,2.17,2.37,2.64,2.45,0.82,-1.06,-2.67,-3.76,-4.93,-6.56,-7.28,-7.35,-7.38,-7.55,-7.61,-7.46,-7.28,-7,-6.67,-6.12,-5.46,-4.86,-4.11,-1.53,0.7,0.54,0.3,0.64,0.65,-0.02,-0.96,-1.4,-2.07,-1.68,0.23,1.98,2.04,2.99,3.46,1.78,0.48,-0.35,-0.79,-0.8,-0.6,-0.52,-0.47,-0.05,0.45,0.15,0.65,3.87,5,3.72,2.32,0.61,-1.25,-2.62,-0.01,4.09,4.44,4.51,6.61,9.25,11.75,14.26,16.99,19.87
-2.02,-0.71,1.6,2.64,3.07,3.32,3.97,4.34,3.77,3.15,2.36,2.65,2.87,1.99,1.4,1.56,1.84,1.7,1.37,-0.2,-1.81,-2.47,-3.39,-4.27,-5.05,-6.02,-6.89,-7.23,-7.15,-6.92,-6.67,-6.4,-6.05,-5.77,-5.51,-4.85,-4.41,-4.23,-1.4,-1.72,-2.92,-2.63,-1.94,-0.59,0.84,2.09,3.97,4.97,5.34,4.99,5.07,4.12,2.82,3.25,3.27,3.9,3.52,2.41,1.26,0.3,-0.76,-1.53,-1.19,-0.11,0.93,1.65,2.16,2.36,1.48,0.08,-0.91,-1.5,-1.36,0.02,3.61,7.15,7.98,7.96,9.16,11.13,15.94,20.29
0.11,2.23,3.18,2.88,3.33,3.57,4.59,3.58,3.16,3.12,2.47,2.12,1.34,1.31,1.15,0.59,-0.13,-0.04,0.58,0.33,-0.25,-0.71,-1.89,-3.09,-3.43,-4.07,-4.85,-4.91,-5.77,-6.6,-6.67,-6.34,-6.21,-5.83,-5.13,-5.64,-5.56,-2.83,2.39,4.28,4.43,4.97,5.06,5.46,5.05,4.56,4.89,5.19,4.62,4.02,4.42,3.24,2.8,4.37,4.07,3.91,3.48,2.65,1.71,0.77,-0.24,-1.35,-2.39,-2.5,-1.52,-0.07,1.02,1.11,0.24,-0.93,-1.67,-1.96,-2.77,-1.22,4.58,7.59,6.7,6.25,6.55,8.49,16.95,19.82
0.88,2.18,2.79,3.36,4.26,4.36,3.88,3.73,3.13,2.93,2.17,1.44,0.86,0.43,-0.07,-0.86,-1.23,-0.54,-0.47,-0.29,0,-0.09,-0.68,-1.79,-2.62,-3.09,-3.7,-3.92,-4.11,-3.1,-3.07,-2.51,-3.85,-4.34,-3.38,-1.09,2.36,3.21,2.71,2.76,3.47,4.02,4.33,4.56,4.25,4.73,4.54,3.77,3.09,3.53,2.92,2.52,3.01,3.33,4.94,5.07,3.84,2.68,1.92,1.41,0.6,-0.53,-1.57,-2.21,-1.99,-1.13,-0.55,-0.77,-1.66,-2.65,-2.84,-3.62,-4.36,1.08,6.67,6.11,4.45,4.62,3.11,8.9,18.72,18.64
