public/data/weather/current/current-wind-surface-level-gfs-1.0.json
{"header": { "discipline":0, "gribEdition":2, "gribLength":65699, "center":7, "subcenter":0, "refTime":"2014-01-20T00:00:00.000Z", "significanceOfRT":1, "productStatus":0, "productType":1, "productDefinitionTemplate":0, "parameterCategory":2, "parameterNumber":2, "parameterUnit":"m.s-1", "genProcessType":2, "forecastTime":0, "surface1Type":103, "surface1Value":10.0, "surface2Type":255, "surface2Value":0.0, "gridDefinitionTemplate":0, "numberPoints":65160, "shape":6, "gridUnits":"degrees", "resolution":48, "winds":"true", "scanMode":0, "nx":360, "ny":181, "basicAngle":0, "subDivisions":0, "lo1":0.0, "la1":90.0, "lo2":359.0, "la2":-90.0, "dx":1.0, "dy":1.0 }, "data":
[rows 144 to 179 of 181, columns 80 to 159 of 360]
-2.18,-4.09,-4.77,-0.68,6.05,7.71,5.76,4.92,4.83,4.7,5.0,4.63,1.4,-4.45,-10.18,-12.65,-11.98,-10.71,-9.58,-7.75,-5.23,-2.78,-0.81,0.95,2.82,4.65,6.24,7.55,8.54,9.27,9.9,10.36,10.75,11.1,11.52,11.81,12.07,12.34,11.79,11.6,11.53,10.94,10.73,10.68,10.49,10.14,10.22,10.86,11.36,12.05,12.36,12.27,12.01,11.52,11.17,11.22,10.79,10.75,11.34,11.83,12.52,13.59,13.8,13.72,13.83,13.96,13.77,12.47,11.07,10.13,10.18,10.81,10.7,9.12,6.61,5.19,5.16,6.93,8.75,9.92
-3.21,-4.69,-6.04,-8.65,-12.45,-11.24,-6.84,-5.18,-7.33,-10.91,-14.02,-15.95,-16.13,-15.51,-14.56,-12.59,-10.19,-7.44,-5.0,-3.19,-1.36,0.39,2.13,3.95,5.5,6.98,8.03,8.64,9.2,9.93,10.51,10.89,11.35,11.72,12.01,12.09,11.85,11.66,11.78,11.61,11.16,10.86,10.67,10.2,9.9,9.73,9.92,10.13,10.56,11.05,11.48,11.77,12.12,11.98,11.72,11.06,10.47,10.6,11.19,11.75,12.08,12.07,12.24,11.91,10.15,8.37,6.32,4.93,3.76,2.1,0.98,0.0,-0.98,-1.34,0.07,3.35,6.57,8.39,9.39,9.74
-2.99,-4.28,-5.75,-7.79,-10.53,-12.45,-14.08,-14.95,-15.25,-14.97,-13.69,-12.22,-10.75,-9.17,-7.51,-5.86,-4.49,-3.45,-2.64,-1.36,0.44,2.29,4.03,5.41,6.36,7.06,7.59,8.24,8.86,9.42,9.99,10.73,11.28,11.63,11.85,11.91,11.79,11.85,11.58,10.99,10.21,9.47,8.98,8.25,8.22,8.75,9.24,10.08,10.41,10.0,9.58,8.72,8.1,7.86,8.22,8.93,9.74,10.07,10.29,10.6,11.21,11.1,8.61,2.52,-3.32,-6.52,-8.77,-9.17,-8.67,-7.48,-6.01,-4.5,-2.3,0.55,3.56,6.21,7.25,7.5,8.25,8.73
-4.15,-4.82,-5.25,-5.57,-6.58,-7.96,-8.89,-9.05,-8.55,-7.72,-6.96,-6.33,-5.66,-5.11,-4.75,-4.4,-3.85,-2.89,-1.4,0.4,2.13,3.47,4.4,5.07,5.66,6.22,7.0,7.72,8.24,8.96,9.7,10.4,10.95,10.93,10.76,10.61,10.05,8.94,7.68,7.14,6.88,7.11,8.56,9.17,9.08,7.54,5.43,4.61,4.1,5.06,6.34,7.14,7.96,8.78,9.64,10.48,11.02,11.84,11.5,8.2,2.73,-1.58,-3.8,-3.26,-1.28,-1.38,-1.74,-1.71,-1.38,-0.67,0.53,2.17,4.09,5.97,7.45,8.33,8.0,7.11,6.15,5.47
-5.59,-6.19,-6.28,-6.25,-6.41,-6.82,-7.18,-7.17,-6.54,-5.74,-5.13,-4.59,-4.06,-3.62,-3.19,-2.59,-1.65,-0.35,1.23,2.71,3.7,3.97,3.68,3.59,4.07,4.68,5.41,6.57,8.12,9.75,11.03,11.77,11.84,11.24,9.95,8.16,6.38,5.45,5.62,5.86,5.81,6.21,6.93,6.33,4.01,2.98,5.02,7.1,7.58,7.52,8.16,9.51,10.36,9.67,7.66,5.21,2.56,-0.99,-4.03,-4.38,-2.81,-1.61,-0.5,0.68,1.47,2.16,2.81,3.4,3.69,3.55,3.35,2.76,1.98,1.43,1.21,1.64,2.52,3.86,5.03,5.63
-4.2,-4.32,-4.45,-4.95,-5.14,-4.79,-4.37,-4.15,-4.27,-4.48,-4.38,-3.87,-3.21,-2.42,-1.35,0.04,1.54,2.41,2.32,1.71,0.9,0.24,0.57,2.19,4.03,5.39,5.98,5.35,4.27,4.27,5.33,6.52,7.68,8.95,9.69,8.87,7.35,6.09,5.4,4.42,4.09,4.48,3.77,2.39,3.02,5.36,7.29,8.39,9.0,8.71,5.62,0.2,-3.81,-5.03,-4.49,-3.58,-2.62,-1.81,-1.33,-1.01,0.27,2.81,4.99,5.64,4.63,2.03,-1.32,-4.36,-6.0,-5.98,-4.68,-2.55,-0.13,1.94,3.36,4.27,4.62,4.57,5.4,8.11
1.26,0.69,-0.1,-1.27,-1.98,-2.09,-2.14,-2.15,-1.94,-1.84,-2.1,-2.28,-1.57,-0.01,1.76,3.12,2.93,1.49,0.71,1.08,1.96,3.15,4.53,5.21,4.2,1.59,-0.95,-1.4,0.47,3.24,5.08,5.36,5.55,6.07,6.49,6.22,4.96,4.17,4.15,3.73,3.15,2.88,3.13,4.52,6.42,7.46,6.85,4.24,0.2,-4.08,-5.77,-4.01,-2.09,-1.35,-0.4,0.67,1.46,2.05,2.97,3.99,4.41,3.28,0.1,-3.67,-5.94,-6.47,-5.82,-4.44,-2.66,-0.81,0.75,1.77,2.25,2.48,3.09,4.43,6.54,9.08,9.12,2.67
3.39,3.14,2.04,0.66,0.23,0.36,0.05,-0.53,-0.87,-0.95,-0.45,0.15,-0.4,-1.36,-1.81,-2.09,-1.68,-0.09,1.63,2.65,3.11,2.83,1.31,-0.8,-1.61,-0.73,0.37,0.54,0.69,1.24,0.32,-1.28,-1.61,-1.96,-2.6,-2.3,-1.72,-1.08,-0.06,1.61,3.1,3.63,3.54,2.34,-0.23,-3.26,-4.86,-4.5,-2.71,-0.3,1.74,2.64,2.89,2.89,2.44,2.22,2.81,1.86,-1.88,-4.73,-5.44,-5.61,-5.86,-5.89,-5.48,-4.78,-3.65,-1.98,-0.61,0.16,1.05,2.11,2.68,3.33,5.53,8.67,8.39,1.5,-6.78,-9.35
0.8,0.69,0.78,1.13,1.42,0.99,-0.07,-0.81,-1.2,-2.01,-2.95,-3.66,-3.87,-3.29,-2.81,-2.83,-2.84,-2.64,-2.59,-3.51,-4.67,-4.76,-3.76,-2.15,-0.98,-1.03,-1.74,-2.38,-2.38,-2.0,-2.74,-4.21,-5.14,-6.36,-8.12,-9.02,-8.26,-6.44,-4.4,-3.04,-2.71,-2.75,-2.58,-2.23,-1.63,-0.68,0.24,0.76,0.44,-0.77,-2.25,-3.28,-3.8,-4.21,-4.6,-4.63,-4.39,-4.65,-4.79,-3.72,-2.59,-2.2,-2.38,-2.68,-2.17,-0.74,0.77,1.57,1.26,1.13,2.06,3.19,3.64,4.88,7.46,5.0,-4.27,-9.12,-7.32,-5.34
1.22,0.87,0.84,0.73,0.52,0.05,-0.6,-1.36,-3.07,-5.48,-6.84,-6.91,-6.91,-7.3,-7.71,-7.71,-7.12,-6.31,-5.99,-6.3,-6.14,-5.71,-5.52,-5.45,-5.31,-4.92,-4.41,-4.11,-3.94,-3.85,-4.39,-5.68,-6.94,-7.82,-8.5,-8.93,-8.95,-8.38,-7.28,-5.94,-4.64,-3.63,-2.98,-2.49,-2.08,-2.06,-2.75,-3.5,-3.44,-2.72,-1.89,-1.24,-0.71,-0.12,0.51,0.97,1.18,1.21,1.08,1.02,0.87,0.56,0.66,1.13,1.54,1.71,1.87,2.05,2.32,2.75,3.27,3.53,3.44,4.14,2.24,-5.01,-9.26,-7.36,-5.65,-5.33
-2.14,-1.25,-0.56,-0.32,-0.34,-0.83,-2.17,-3.93,-5.67,-7.08,-7.96,-8.75,-9.3,-9.01,-7.37,-6.4,-6.28,-6.33,-6.67,-7.27,-8.19,-7.99,-7.67,-7.43,-7.28,-7.05,-6.67,-6.22,-5.8,-5.7,-6.02,-6.62,-7.23,-7.75,-7.94,-7.78,-7.45,-6.96,-6.31,-5.73,-5.29,-4.87,-4.56,-4.69,-5.02,-4.75,-3.55,-2.08,-1.04,-0.76,-1.18,-1.66,-1.69,-1.38,-1.08,-0.89,-0.67,-0.4,-0.11,0.22,0.54,0.78,1.04,1.46,2.02,2.59,3.04,3.13,2.9,2.67,2.36,1.73,1.13,0.02,-3.43,-7.04,-7.19,-5.66,-4.7,-3.86
-3.53,-3.82,-4.4,-4.94,-5.33,-5.52,-6.45,-7.93,-8.46,-8.67,-8.35,-8.15,-8.02,-7.29,-6.1,-6.09,-6.07,-6.12,-5.76,-5.78,-6.8,-5.99,-4.6,-4.04,-3.71,-3.27,-3.49,-4.05,-4.66,-5.17,-5.26,-5.17,-5.1,-4.69,-3.6,-2.51,-2.07,-2.02,-2.09,-2.16,-2.33,-2.51,-2.54,-2.38,-2.02,-1.2,-0.73,-1.06,-2.07,-3.17,-3.39,-3.12,-2.93,-3.02,-3.07,-2.61,-2.55,-2.66,-2.68,-2.59,-2.12,-1.22,-0.16,0.79,1.27,1.26,1.15,1.19,1.24,1.11,1.0,0.7,-0.03,-1.38,-3.07,-4.1,-3.51,-2.12,-1.41,-1.14
-7.45,-7.48,-7.58,-8.23,-8.61,-8.64,-8.5,-8.33,-8.3,-8.58,-8.74,-9.25,-8.82,-7.72,-6.83,-5.87,-4.14,-3.53,-3.1,-2.4,-1.9,-1.91,-2.32,-2.03,-1.49,-1.47,-1.23,-0.68,-0.38,0.18,1.42,2.06,0.88,-1.08,-1.44,-0.98,0.19,0.53,-0.41,-1.47,-2.02,-1.99,-1.71,-1.24,-0.97,-1.61,-2.18,-1.73,-0.85,-0.78,-2.15,-3.28,-3.95,-4.63,-4.59,-4.7,-5.85,-6.64,-6.98,-6.84,-6.45,-5.88,-5.39,-4.28,-3.36,-2.53,-1.59,-0.92,-0.5,-0.1,0.04,-0.25,-0.74,-1.05,-1.55,-2.02,-1.43,-0.29,0.67,1.44
-7.59,-6.69,-6.04,-6.11,-6.79,-6.3,-5.53,-5.64,-5.36,-4.75,-4.58,-4.34,-3.6,-3.05,-3.01,-3.17,-3.2,-3.1,-1.62,-0.74,-2.88,-4.49,-4.45,-4.16,-4.05,-3.94,-3.0,-2.07,-2.18,-3.01,-4.09,-4.64,-3.9,-0.22,3.29,2.01,-1.33,-3.1,-3.41,-2.89,-2.61,-2.5,-3.48,-4.43,-4.86,-6.59,-6.0,-3.77,-3.79,-3.68,-6.87,-9.48,-9.05,-7.62,-6.6,-8.1,-7.84,-7.51,-7.15,-6.34,-5.52,-5.6,-5.19,-3.7,-1.35,-1.05,-1.39,-0.71,0.28,0.41,-0.16,-0.52,-0.79,-1.04,-0.96,-0.3,0.73,1.61,2.53,3.29
-3.97,-3.89,-3.79,-4.56,-6.05,-6.09,-5.26,-5.26,-5.19,-5.87,-6.61,-6.18,-5.78,-5.53,-5.38,-5.67,-5.92,-4.73,-2.33,-2.52,-4.51,-4.59,-4.34,-4.74,-5.06,-5.18,-4.55,-3.81,-3.48,-3.75,-4.16,-3.75,-3.74,-4.63,-5.79,-6.54,-6.81,-6.51,-6.66,-7.83,-8.88,-9.13,-9.39,-9.86,-9.51,-8.33,-7.43,-7.62,-7.94,-7.88,-8.57,-9.37,-10.57,-10.66,-9.15,-7.93,-7.35,-6.73,-5.78,-4.38,-3.24,-2.91,-1.98,-0.37,-1.91,-3.79,-1.22,0.48,-0.32,-0.75,-0.63,0.08,0.97,1.52,1.94,2.53,2.97,3.79,4.44,5.01
-8.84,-7.7,-6.6,-6.42,-6.47,-6.54,-6.37,-6.12,-6.54,-7.14,-7.1,-6.93,-7.06,-7.16,-6.94,-6.55,-6.06,-5.26,-4.75,-4.84,-5.1,-5.73,-6.3,-6.46,-6.14,-5.69,-5.4,-5.52,-5.97,-5.93,-5.52,-5.52,-6.0,-6.7,-7.42,-7.94,-8.22,-8.41,-8.55,-8.65,-8.73,-8.9,-9.09,-9.2,-9.09,-8.52,-7.7,-7.27,-7.2,-7.57,-8.19,-8.81,-9.3,-9.17,-8.27,-6.28,-5.06,-4.66,-4.19,-3.47,-2.62,-1.69,-0.43,-0.17,-1.27,-1.51,-1.8,-3.31,-4.24,-3.72,-2.35,-1.51,-1.23,-0.26,1.15,2.0,2.3,3.2,4.15,4.8
-8.13,-8.0,-7.82,-7.5,-7.14,-6.86,-6.85,-7.08,-7.28,-7.39,-7.47,-7.51,-7.5,-7.27,-6.99,-7.23,-7.58,-7.36,-7.02,-6.97,-7.06,-7.37,-7.6,-7.69,-7.73,-7.54,-6.92,-6.19,-6.16,-6.82,-7.32,-7.17,-6.83,-6.99,-7.43,-7.8,-7.93,-7.87,-7.87,-7.91,-7.96,-7.99,-7.97,-8.06,-8.19,-8.08,-7.61,-6.91,-6.41,-6.4,-6.6,-6.5,-6.3,-6.36,-5.51,-4.24,-4.35,-4.67,-4.36,-3.24,-1.85,-0.61,0.34,0.24,-0.79,-2.02,-3.2,-3.99,-4.11,-4.02,-4.25,-4.27,-3.9,-3.84,-3.87,-3.34,-2.7,-1.63,-1.01,-0.52
-8.19,-7.8,-7.44,-7.39,-7.38,-7.24,-7.18,-7.35,-7.57,-7.6,-7.4,-7.16,-7.05,-7.06,-7.5,-8.4,-8.82,-8.63,-8.46,-8.38,-8.34,-8.42,-8.46,-8.37,-8.22,-7.82,-6.79,-5.75,-5.87,-6.52,-7.06,-7.23,-7.12,-7.03,-7.03,-7.1,-7.09,-7.0,-6.92,-6.92,-6.95,-6.93,-6.86,-6.82,-6.79,-6.71,-6.48,-5.99,-5.36,-4.94,-4.87,-4.95,-4.61,-3.76,-2.96,-2.77,-2.84,-2.35,-1.39,-0.44,0.02,-0.02,-0.35,-0.8,-1.32,-2.18,-3.1,-3.48,-3.62,-3.96,-4.34,-4.52,-4.65,-4.8,-4.66,-4.23,-3.89,-3.91,-3.76,-2.99
-7.82,-7.54,-7.39,-7.24,-7.1,-7.09,-7.23,-7.37,-7.39,-7.34,-7.27,-7.28,-7.27,-7.19,-7.62,-8.61,-9.12,-8.94,-8.64,-8.45,-8.34,-8.21,-7.97,-7.64,-7.22,-6.72,-6.15,-5.75,-5.79,-6.03,-6.31,-6.56,-6.76,-6.8,-6.53,-6.23,-6.14,-6.11,-6.05,-6.0,-5.99,-5.99,-5.93,-5.87,-5.77,-5.44,-4.85,-4.21,-3.72,-3.37,-3.06,-2.73,-2.13,-1.35,-0.87,-0.5,0.07,0.51,0.64,0.49,0.08,-0.29,-0.58,-0.92,-1.31,-1.68,-2.07,-2.52,-2.93,-3.22,-3.45,-3.66,-3.85,-3.91,-3.79,-3.53,-3.35,-3.36,-3.15,-1.99
-7.21,-7.12,-7.12,-7.05,-6.99,-6.99,-6.99,-7.0,-7.03,-7.09,-7.18,-7.19,-6.96,-6.53,-6.49,-7.14,-7.73,-7.79,-7.62,-7.45,-7.28,-7.08,-6.78,-6.44,-6.17,-6.02,-5.96,-6.04,-6.17,-6.15,-5.96,-5.71,-5.57,-5.58,-5.58,-5.5,-5.32,-5.14,-5.04,-4.92,-4.7,-4.42,-4.1,-3.73,-3.27,-2.66,-2.06,-1.6,-1.2,-0.61,0.12,0.69,1.01,1.29,1.53,1.51,1.35,1.22,0.97,0.76,0.74,0.65,0.37,0.07,-0.21,-0.48,-0.71,-0.94,-1.22,-1.56,-2.0,-2.47,-2.77,-2.82,-2.62,-2.23,-1.73,-1.29,-0.79,0.16
-6.79,-6.85,-6.98,-7.01,-6.94,-6.8,-6.63,-6.49,-6.37,-6.28,-6.28,-6.3,-6.25,-6.0,-5.67,-5.49,-5.49,-5.52,-5.47,-5.38,-5.3,-5.22,-5.08,-4.89,-4.77,-4.74,-4.74,-4.69,-4.61,-4.5,-4.34,-4.16,-3.99,-3.82,-3.62,-3.37,-3.1,-2.8,-2.41,-1.93,-1.44,-0.94,-0.43,0.07,0.53,0.95,1.3,1.6,1.95,2.27,2.43,2.55,2.64,2.76,3.04,3.17,2.82,2.28,1.89,1.8,1.82,1.62,1.32,1.16,1.08,0.99,0.88,0.79,0.68,0.58,0.59,0.81,1.13,1.43,1.78,2.24,2.8,3.38,4.17,5.17
-6.58,-6.56,-6.67,-6.77,-6.68,-6.44,-6.16,-5.91,-5.64,-5.44,-5.41,-5.5,-5.54,-5.39,-5.05,-4.63,-4.26,-3.99,-3.77,-3.55,-3.31,-3.07,-2.85,-2.68,-2.52,-2.35,-2.19,-2.02,-1.83,-1.61,-1.37,-1.15,-0.89,-0.64,-0.37,-0.05,0.33,0.72,1.08,1.42,1.75,2.08,2.42,2.79,3.17,3.49,3.71,3.93,4.14,4.23,4.13,3.98,3.83,3.71,3.72,3.9,3.98,3.71,3.22,2.96,2.95,2.92,2.8,2.69,2.62,2.59,2.6,2.64,2.7,2.82,3.01,3.29,3.59,3.84,4.05,4.33,4.74,5.13,5.42,5.48
-6.88,-6.85,-6.61,-6.34,-6.13,-5.91,-5.64,-5.32,-5.0,-4.77,-4.67,-4.66,-4.65,-4.58,-4.38,-4.07,-3.73,-3.47,-3.23,-2.96,-2.65,-2.37,-2.16,-1.98,-1.77,-1.54,-1.31,-1.08,-0.86,-0.65,-0.45,-0.26,-0.07,0.18,0.48,0.8,1.13,1.51,1.92,2.37,2.82,3.25,3.62,3.95,4.26,4.62,5.02,5.42,5.66,5.63,5.39,5.14,5.0,4.85,4.66,4.6,4.72,4.83,4.82,4.69,4.51,4.35,4.23,4.11,3.97,3.87,3.86,3.88,3.87,3.86,3.88,3.92,3.93,3.92,3.86,3.45,2.47,1.73,1.8,2.19
-6.73,-6.57,-6.31,-6.01,-5.72,-5.48,-5.32,-5.14,-4.89,-4.58,-4.27,-4.06,-3.93,-3.78,-3.52,-3.09,-2.55,-2.02,-1.55,-1.11,-0.72,-0.38,-0.13,0.03,0.21,0.53,0.99,1.43,1.75,1.91,2.08,2.26,2.48,2.72,2.97,3.24,3.5,3.77,4.04,4.31,4.54,4.69,4.76,4.85,5.0,5.26,5.64,6.05,6.33,6.39,6.3,6.2,6.08,5.92,5.75,5.63,5.64,5.71,5.83,5.97,6.07,6.05,5.9,5.68,5.48,5.41,5.44,5.48,5.47,5.46,5.45,5.42,5.29,5.12,5.05,4.98,4.66,4.05,3.61,3.72
-6.97,-6.77,-6.51,-6.27,-6.05,-5.78,-5.42,-4.94,-4.43,-3.93,-3.43,-2.88,-2.29,-1.66,-0.97,-0.26,0.42,1.02,1.52,1.94,2.3,2.6,2.86,3.02,3.1,3.18,3.42,3.81,4.19,4.39,4.52,4.67,4.84,5.0,5.1,5.19,5.27,5.39,5.51,5.6,5.64,5.63,5.62,5.62,5.66,5.81,6.08,6.43,6.7,6.85,6.89,6.88,6.8,6.63,6.4,6.19,6.08,6.1,6.19,6.27,6.28,6.28,6.33,6.45,6.59,6.7,6.81,6.91,7.05,7.3,7.6,7.84,7.99,8.08,8.06,7.92,7.93,8.51,9.22,8.77
-5.59,-5.36,-4.98,-4.5,-3.91,-3.25,-2.52,-1.79,-1.11,-0.49,0.09,0.66,1.25,1.87,2.47,3.0,3.44,3.79,4.04,4.2,4.3,4.39,4.49,4.61,4.71,4.79,4.87,4.95,5.03,5.12,5.25,5.43,5.58,5.69,5.73,5.74,5.72,5.7,5.7,5.71,5.72,5.73,5.71,5.68,5.69,5.77,5.96,6.2,6.43,6.6,6.68,6.69,6.6,6.43,6.21,6.03,5.93,5.93,6.03,6.13,6.2,6.25,6.4,6.74,7.17,7.59,7.92,8.19,8.42,8.61,8.75,8.88,9.21,9.82,10.4,10.27,9.02,7.12,5.62,4.98
-0.1,0.3,0.71,1.12,1.48,1.77,2.03,2.3,2.61,2.94,3.27,3.6,3.91,4.19,4.41,4.59,4.74,4.9,5.08,5.26,5.42,5.52,5.55,5.53,5.47,5.4,5.3,5.17,5.05,4.98,5.01,5.14,5.3,5.45,5.56,5.61,5.6,5.57,5.52,5.47,5.41,5.34,5.23,5.1,4.99,4.94,5.02,5.24,5.55,5.83,6.02,6.11,6.14,6.11,6.04,5.95,5.88,5.87,5.89,5.93,6.01,6.14,6.38,6.69,7.07,7.56,8.16,8.78,9.33,9.75,10.09,10.26,10.04,9.28,8.1,6.99,6.5,6.92,7.89,8.5
4.34,4.45,4.59,4.72,4.87,5.02,5.15,5.26,5.34,5.37,5.37,5.36,5.38,5.43,5.5,5.6,5.7,5.79,5.84,5.87,5.88,5.88,5.9,5.94,6.02,6.09,6.12,6.08,5.98,5.83,5.7,5.62,5.63,5.7,5.82,5.95,6.07,6.17,6.2,6.17,6.09,5.98,5.86,5.74,5.63,5.58,5.64,5.79,6.0,6.2,6.35,6.45,6.52,6.54,6.49,6.38,6.21,6.03,5.89,5.84,5.91,6.05,6.24,6.44,6.63,6.84,7.14,7.53,7.88,8.09,8.09,7.81,7.09,5.59,3.39,1.43,0.48,0.72,1.75,2.66
6.24,6.27,6.29,6.31,6.31,6.31,6.29,6.26,6.22,6.2,6.18,6.22,6.29,6.39,6.52,6.64,6.73,6.77,6.78,6.74,6.65,6.54,6.4,6.26,6.16,6.12,6.14,6.2,6.29,6.37,6.39,6.34,6.22,6.04,5.87,5.78,5.76,5.81,5.91,5.99,6.05,6.08,6.06,6.01,5.91,5.76,5.54,5.29,5.08,4.93,4.88,4.91,4.99,5.09,5.16,5.2,5.17,5.09,4.95,4.78,4.61,4.48,4.4,4.37,4.37,4.39,4.4,4.31,4.02,3.39,2.38,1.14,-0.07,-1.0,-1.24,-0.84,0.17,1.43,2.67,3.53
6.84,6.86,6.87,6.86,6.83,6.8,6.76,6.73,6.7,6.68,6.68,6.7,6.73,6.77,6.81,6.81,6.79,6.73,6.63,6.52,6.41,6.31,6.22,6.14,6.08,6.05,6.04,6.09,6.19,6.31,6.43,6.45,6.37,6.2,5.91,5.61,5.34,5.12,5.0,4.92,4.86,4.81,4.74,4.66,4.59,4.56,4.55,4.59,4.65,4.7,4.72,4.69,4.61,4.5,4.35,4.21,4.08,3.97,3.85,3.72,3.58,3.45,3.33,3.24,3.15,3.03,2.88,2.68,2.44,2.21,2.02,2.1,2.44,2.94,3.45,3.43,2.95,1.81,0.54,-0.43
6.65,6.71,6.76,6.81,6.86,6.91,6.96,7.0,7.03,7.05,7.04,6.99,6.91,6.81,6.71,6.62,6.53,6.48,6.44,6.45,6.48,6.52,6.54,6.56,6.54,6.48,6.39,6.28,6.16,6.04,5.94,5.86,5.79,5.73,5.68,5.63,5.58,5.53,5.47,5.4,5.32,5.21,5.08,4.94,4.8,4.66,4.54,4.46,4.39,4.34,4.31,4.28,4.24,4.17,4.09,3.96,3.81,3.64,3.46,3.28,3.11,2.94,2.78,2.63,2.48,2.39,2.32,2.29,2.29,2.29,2.25,2.18,2.0,1.72,1.36,0.95,0.58,0.32,0.2,0.1
6.87,6.93,6.97,6.98,6.99,6.97,6.95,6.92,6.89,6.87,6.86,6.86,6.86,6.88,6.89,6.9,6.9,6.89,6.87,6.84,6.81,6.76,6.71,6.65,6.59,6.52,6.43,6.34,6.25,6.16,6.07,5.97,5.89,5.81,5.72,5.64,5.54,5.42,5.31,5.19,5.06,4.94,4.81,4.7,4.59,4.48,4.36,4.25,4.13,3.99,3.84,3.68,3.5,3.32,3.14,2.96,2.81,2.67,2.56,2.44,2.33,2.21,2.08,1.94,1.79,1.65,1.51,1.4,1.3,1.23,1.19,1.15,1.12,1.08,1.04,1.02,1.03,1.12,1.3,1.6
6.16,6.23,6.29,6.34,6.39,6.43,6.47,6.5,6.52,6.54,6.56,6.57,6.57,6.57,6.56,6.54,6.51,6.48,6.44,6.38,6.32,6.26,6.19,6.12,6.04,5.96,5.88,5.81,5.73,5.67,5.61,5.56,5.5,5.45,5.4,5.35,5.28,5.2,5.11,5.02,4.92,4.81,4.71,4.61,4.5,4.4,4.3,4.2,4.1,3.99,3.87,3.74,3.59,3.45,3.28,3.11,2.94,2.76,2.58,2.4,2.21,2.03,1.84,1.65,1.47,1.28,1.12,0.95,0.8,0.65,0.51,0.37,0.23,0.07,-0.09,-0.3,-0.53,-0.8,-1.11,-1.42
5.11,5.17,5.22,5.27,5.31,5.35,5.38,5.42,5.45,5.48,5.51,5.54,5.56,5.58,5.6,5.62,5.63,5.64,5.65,5.65,5.64,5.64,5.63,5.61,5.59,5.57,5.54,5.5,5.47,5.43,5.38,5.34,5.28,5.22,5.16,5.09,5.01,4.94,4.85,4.76,4.67,4.56,4.46,4.35,4.23,4.11,3.99,3.86,3.73,3.6,3.46,3.32,3.18,3.02,2.86,2.7,2.52,2.34,2.16,1.96,1.78,1.58,1.37,1.15,0.95,0.71,0.49,0.26,0.03,-0.21,-0.44,-0.66,-0.89,-1.11,-1.33,-1.53,-1.74,-1.93,-2.12,-2.31
4.31,4.41,4.5,4.58,4.66,4.73,4.81,4.87,4.92,4.98,5.04,5.08,5.12,5.16,5.21,5.23,5.25,5.26,5.28,5.29,5.29,5.29,5.29,5.28,5.26,5.23,5.2,5.18,5.13,5.09,5.04,5.0,4.94,4.86,4.8,4.72,4.65,4.55,4.46,4.37,4.28,4.17,4.06,3.95,3.84,3.73,3.61,3.49,3.38,3.26,3.14,3.02,2.89,2.78,2.65,2.53,2.4,2.28,2.16,2.02,1.89,1.76,1.62,1.48,1.33,1.19,1.04,0.89,0.73,0.58,0.43,0.26,0.1,-0.05,-0.21,-0.36,-0.51,-0.67,-0.82,-0.96
4.6,4.67,4.73,4.78,4.81,4.85,4.88,4.91,4.95,4.98,5.01,5.01,5.02,5.02,5.03,5.03,5.04,5.04,5.04,5.02,5.01,4.99,4.98,4.96,4.95,4.93,4.9,4.87,4.84,4.81,4.79,4.75,4.72,4.68,4.64,4.6,4.55,4.51,4.46,4.42,4.36,4.3,4.24,4.18,4.11,4.04,3.97,3.91,3.84,3.76,3.69,3.61,3.53,3.45,3.37,3.3,3.21,3.13,3.04,2.96,2.88,2.79,2.71,2.63,2.55,2.47,2.39,2.31,2.23,2.15,2.08,2.01,1.93,1.86,1.79,1.72,1.66,1.59,1.52,1.46
